0.0000
0.0000
0.0000
0.0000
0.0000
0.0000
0.0019
-0.0018
-0.0070
-0.0027
-0.0000
0.0022
0.0039
-0.0037
-0.0141
-0.0053
-0.0000
0.0045
0.0058
-0.0055
-0.0211
-0.0080
-0.0000
0.0067
0.0077
-0.0073
-0.0281
-0.0107
-0.0000
0.0089
0.0097
-0.0091
-0.0352
-0.0134
-0.0000
0.0111
0.0116
-0.0110
-0.0422
-0.0160
-0.0000
0.0134
0.0135
-0.0128
-0.0492
-0.0187
-0.0001
0.0156
0.0155
-0.0146
-0.0563
-0.0214
-0.0001
0.0178
0.0174
-0.0165
-0.0633
-0.0241
-0.0001
0.0200
0.0193
-0.0183
-0.0703
-0.0267
-0.0001
0.0223
0.0212
-0.0201
-0.0774
-0.0294
-0.0001
0.0245
0.0232
-0.0219
-0.0844
-0.0321
-0.0001
0.0267
0.0251
-0.0238
-0.0914
-0.0348
-0.0001
0.0289
0.0270
-0.0256
-0.0985
-0.0374
-0.0001
0.0312
0.0290
-0.0274
-0.1055
-0.0401
-0.0001
0.0334
0.0309
-0.0293
-0.1126
-0.0428
-0.0001
0.0356
0.0328
-0.0311
-0.1196
-0.0454
-0.0001
0.0378
0.0348
-0.0329
-0.1266
-0.0481
-0.0001
0.0401
0.0367
-0.0347
-0.1337
-0.0508
-0.0001
0.0423
0.0386
-0.0366
-0.1407
-0.0535
-0.0001
0.0445
0.0406
-0.0384
-0.1477
-0.0561
-0.0002
0.0467
0.0425
-0.0402
-0.1548
-0.0588
-0.0002
0.0490
0.0444
-0.0421
-0.1618
-0.0615
-0.0002
0.0512
0.0464
-0.0439
-0.1688
-0.0642
-0.0002
0.0534
0.0483
-0.0457
-0.1759
-0.0668
-0.0002
0.0556
0.0502
-0.0475
-0.1829
-0.0695
-0.0002
0.0579
0.0521
-0.0494
-0.1899
-0.0722
-0.0002
0.0601
0.0541
-0.0512
-0.1970
-0.0749
-0.0002
0.0623
0.0560
-0.0530
-0.2040
-0.0775
-0.0002
0.0645
0.0579
-0.0549
-0.2110
-0.0802
-0.0002
0.0668
0.0599
-0.0567
-0.2181
-0.0829
-0.0002
0.0690
0.0618
-0.0585
-0.2251
-0.0856
-0.0002
0.0712
0.0637
-0.0603
-0.2321
-0.0882
-0.0002
0.0734
0.0657
-0.0622
-0.2392
-0.0909
-0.0003
0.0757
0.0676
-0.0640
-0.2462
-0.0936
-0.0003
0.0779
0.0695
-0.0658
-0.2532
-0.0962
-0.0003
0.0801
0.0715
-0.0677
-0.2603
-0.0989
-0.0003
0.0824
0.0734
-0.0695
-0.2673
-0.1016
-0.0003
0.0846
0.0753
-0.0713
-0.2743
-0.1043
-0.0003
0.0868
0.0773
-0.0731
-0.2814
-0.1069
-0.0003
0.0890
0.0792
-0.0750
-0.2884
-0.1096
-0.0003
0.0913
0.0811
-0.0768
-0.2954
-0.1123
-0.0003
0.0935
0.0830
-0.0786
-0.3025
-0.1150
-0.0003
0.0957
0.0850
-0.0805
-0.3095
-0.1176
-0.0003
0.0979
0.0869
-0.0823
-0.3166
-0.1203
-0.0003
0.1002
0.0888
-0.0841
-0.3236
-0.1230
-0.0003
0.1024
0.0908
-0.0859
-0.3306
-0.1257
-0.0003
0.1046
0.0927
-0.0878
-0.3377
-0.1283
-0.0004
0.1068
0.0946
-0.0896
-0.3447
-0.1310
-0.0004
0.1091
0.0966
-0.0914
-0.3517
-0.1337
-0.0004
0.1113
0.0985
-0.0933
-0.3588
-0.1363
-0.0004
0.1135
0.1004
-0.0951
-0.3658
-0.1390
-0.0004
0.1157
0.1024
-0.0969
-0.3728
-0.1417
-0.0004
0.1180
0.1043
-0.0988
-0.3799
-0.1444
-0.0004
0.1202
0.1062
-0.1006
-0.3869
-0.1470
-0.0004
0.1224
0.1082
-0.1024
-0.3939
-0.1497
-0.0004
0.1246
0.1101
-0.1042
-0.4010
-0.1524
-0.0004
0.1269
0.1120
-0.1061
-0.4080
-0.1551
-0.0004
0.1291
0.1139
-0.1079
-0.4150
-0.1577
-0.0004
0.1313
0.1159
-0.1097
-0.4221
-0.1604
-0.0004
0.1335
0.1178
-0.1116
-0.4291
-0.1631
-0.0004
0.1358
0.1197
-0.1134
-0.4361
-0.1658
-0.0005
0.1380
0.1217
-0.1152
-0.4432
-0.1684
-0.0005
0.1402
0.1236
-0.1170
-0.4502
-0.1711
-0.0005
0.1424
0.1255
-0.1189
-0.4572
-0.1738
-0.0005
0.1447
0.1275
-0.1207
-0.4643
-0.1765
-0.0005
0.1469
0.1294
-0.1225
-0.4713
-0.1791
-0.0005
0.1491
0.1313
-0.1244
-0.4783
-0.1818
-0.0005
0.1513
0.1333
-0.1262
-0.4854
-0.1845
-0.0005
0.1536
0.1352
-0.1280
-0.4924
-0.1871
-0.0005
0.1558
0.1371
-0.1298
-0.4995
-0.1898
-0.0005
0.1580
0.1391
-0.1317
-0.5065
-0.1925
-0.0005
0.1603
0.1410
-0.1335
-0.5135
-0.1952
-0.0005
0.1625
0.1429
-0.1353
-0.5206
-0.1978
-0.0005
0.1647
0.1448
-0.1372
-0.5276
-0.2005
-0.0006
0.1669
0.1468
-0.1390
-0.5346
-0.2032
-0.0006
0.1692
0.1487
-0.1408
-0.5417
-0.2059
-0.0006
0.1714
0.1506
-0.1426
-0.5487
-0.2085
-0.0006
0.1736
0.1526
-0.1445
-0.5557
-0.2112
-0.0006
0.1758
0.1545
-0.1463
-0.5628
-0.2139
-0.0006
0.1781
0.1564
-0.1481
-0.5698
-0.2166
-0.0006
0.1803
0.1584
-0.1500
-0.5768
-0.2192
-0.0006
0.1825
0.1603
-0.1518
-0.5839
-0.2219
-0.0006
0.1847
0.1622
-0.1536
-0.5909
-0.2246
-0.0006
0.1870
0.1642
-0.1554
-0.5979
-0.2272
-0.0006
0.1892
0.1661
-0.1573
-0.6050
-0.2299
-0.0006
0.1914
0.1680
-0.1591
-0.6120
-0.2326
-0.0006
0.1936
0.1700
-0.1609
-0.6190
-0.2353
-0.0006
0.1959
0.1719
-0.1628
-0.6261
-0.2379
-0.0007
0.1981
0.1738
-0.1646
-0.6331
-0.2406
-0.0007
0.2003
0.1757
-0.1664
-0.6401
-0.2433
-0.0007
0.2025
0.1777
-0.1682
-0.6472
-0.2460
-0.0007
0.2048
0.1796
-0.1701
-0.6542
-0.2486
-0.0007
0.2070
0.1815
-0.1719
-0.6612
-0.2513
-0.0007
0.2092
0.1835
-0.1737
-0.6683
-0.2540
-0.0007
0.2114
0.1854
-0.1756
-0.6753
-0.2567
-0.0007
0.2137
0.1873
-0.1774
-0.6823
-0.2593
-0.0007
0.2159
0.1893
-0.1792
-0.6894
-0.2620
-0.0007
0.2181
0.1912
-0.1810
-0.6964
-0.2647
-0.0007
0.2203
0.1931
-0.1829
-0.7035
-0.2674
-0.0007
0.2226
0.1951
-0.1847
-0.7105
-0.2700
-0.0007
0.2248
0.1970
-0.1865
-0.7175
-0.2727
-0.0008
0.2270
0.1989
-0.1884
-0.7246
-0.2754
-0.0008
0.2292
0.2009
-0.1902
-0.7316
-0.2780
-0.0008
0.2315
0.2028
-0.1920
-0.7386
-0.2807
-0.0008
0.2337
0.2047
-0.1938
-0.7457
-0.2834
-0.0008
0.2359
0.2066
-0.1957
-0.7527
-0.2861
-0.0008
0.2382
0.2086
-0.1975
-0.7597
-0.2887
-0.0008
0.2404
0.2105
-0.1993
-0.7668
-0.2914
-0.0008
0.2426
0.2124
-0.2012
-0.7738
-0.2941
-0.0008
0.2448
0.2144
-0.2030
-0.7808
-0.2968
-0.0008
0.2471
0.2163
-0.2048
-0.7879
-0.2994
-0.0008
0.2493
0.2182
-0.2066
-0.7949
-0.3021
-0.0008
0.2515
0.2202
-0.2085
-0.8019
-0.3048
-0.0008
0.2537
0.2221
-0.2103
-0.8090
-0.3075
-0.0008
0.2560
0.2240
-0.2121
-0.8160
-0.3101
-0.0009
0.2582
0.2260
-0.2140
-0.8230
-0.3128
-0.0009
0.2604
0.2279
-0.2158
-0.8301
-0.3155
-0.0009
0.2626
0.2298
-0.2176
-0.8371
-0.3181
-0.0009
0.2649
0.2318
-0.2194
-0.8441
-0.3208
-0.0009
0.2671
0.2337
-0.2213
-0.8512
-0.3235
-0.0009
0.2693
0.2356
-0.2231
-0.8582
-0.3262
-0.0009
0.2715
0.2375
-0.2249
-0.8652
-0.3288
-0.0009
0.2738
0.2395
-0.2268
-0.8723
-0.3315
-0.0009
0.2760
0.2414
-0.2286
-0.8793
-0.3342
-0.0009
0.2782
0.2433
-0.2304
-0.8863
-0.3369
-0.0009
0.2804
0.2453
-0.2322
-0.8934
-0.3395
-0.0009
0.2827
0.2472
-0.2341
-0.9004
-0.3422
-0.0009
0.2849
0.2491
-0.2359
-0.9075
-0.3449
-0.0010
0.2871
0.2511
-0.2377
-0.9145
-0.3476
-0.0010
0.2893
0.2530
-0.2396
-0.9215
-0.3502
-0.0010
0.2916
0.2549
-0.2414
-0.9286
-0.3529
-0.0010
0.2938
0.2569
-0.2432
-0.9356
-0.3556
-0.0010
0.2960
0.2588
-0.2450
-0.9426
-0.3583
-0.0010
0.2982
0.2607
-0.2469
-0.9497
-0.3609
-0.0010
0.3005
0.2627
-0.2487
-0.9567
-0.3636
-0.0010
0.3027
0.2646
-0.2505
-0.9637
-0.3663
-0.0010
0.3049
0.2665
-0.2524
-0.9708
-0.3689
-0.0010
0.3071
0.2684
-0.2542
-0.9778
-0.3716
-0.0010
0.3094
0.2704
-0.2560
-0.9848
-0.3743
-0.0010
0.3116
0.2723
-0.2578
-0.9919
-0.3770
-0.0010
0.3138
0.2742
-0.2597
-0.9989
-0.3796
-0.0010
0.3161
0.2762
-0.2615
-1.0059
-0.3823
-0.0011
0.3183
0.2781
-0.2633
-1.0130
-0.3850
-0.0011
0.3205
0.2800
-0.2652
-1.0200
-0.3877
-0.0011
0.3227
0.2820
-0.2670
-1.0270
-0.3903
-0.0011
0.3250
0.2839
-0.2688
-1.0341
-0.3930
-0.0011
0.3272
0.2858
-0.2706
-1.0411
-0.3957
-0.0011
0.3294
0.2878
-0.2725
-1.0481
-0.3984
-0.0011
0.3316
0.2897
-0.2743
-1.0552
-0.4010
-0.0011
0.3339
0.2916
-0.2761
-1.0622
-0.4037
-0.0011
0.3361
0.2936
-0.2780
-1.0692
-0.4064
-0.0011
0.3383
0.2955
-0.2798
-1.0763
-0.4090
-0.0011
0.3405
0.2974
-0.2816
-1.0833
-0.4117
-0.0011
0.3428
0.2993
-0.2834
-1.0904
-0.4144
-0.0011
0.3450
0.3013
-0.2853
-1.0974
-0.4171
-0.0011
0.3472
0.3032
-0.2871
-1.1044
-0.4197
-0.0012
0.3494
0.3051
-0.2889
-1.1115
-0.4224
-0.0012
0.3517
0.3071
-0.2908
-1.1185
-0.4251
-0.0012
0.3539
0.3090
-0.2926
-1.1255
-0.4278
-0.0012
0.3561
0.3109
-0.2944
-1.1326
-0.4304
-0.0012
0.3583
0.3129
-0.2963
-1.1396
-0.4331
-0.0012
0.3606
0.3148
-0.2981
-1.1466
-0.4358
-0.0012
0.3628
0.3167
-0.2999
-1.1537
-0.4385
-0.0012
0.3650
0.3187
-0.3017
-1.1607
-0.4411
-0.0012
0.3672
0.3206
-0.3036
-1.1677
-0.4438
-0.0012
0.3695
0.3225
-0.3054
-1.1748
-0.4465
-0.0012
0.3717
0.3245
-0.3072
-1.1818
-0.4492
-0.0012
0.3739
0.3264
-0.3091
-1.1888
-0.4518
-0.0012
0.3761
0.3283
-0.3109
-1.1959
-0.4545
-0.0013
0.3784
0.3302
-0.3127
-1.2029
-0.4572
-0.0013
0.3806
0.3322
-0.3145
-1.2099
-0.4598
-0.0013
0.3828
0.3341
-0.3164
-1.2170
-0.4625
-0.0013
0.3850
0.3360
-0.3182
-1.2240
-0.4652
-0.0013
0.3873
0.3380
-0.3200
-1.2310
-0.4679
-0.0013
0.3895
0.3399
-0.3219
-1.2381
-0.4705
-0.0013
0.3917
0.3418
-0.3237
-1.2451
-0.4732
-0.0013
0.3940
0.3438
-0.3255
-1.2521
-0.4759
-0.0013
0.3962
0.3457
-0.3273
-1.2592
-0.4786
-0.0013
0.3984
0.3476
-0.3292
-1.2662
-0.4812
-0.0013
0.4006
0.3496
-0.3310
-1.2732
-0.4839
-0.0013
0.4029
0.3515
-0.3328
-1.2803
-0.4866
-0.0013
0.4051
0.3534
-0.3347
-1.2873
-0.4893
-0.0013
0.4073
0.3554
-0.3365
-1.2944
-0.4919
-0.0014
0.4095
0.3573
-0.3383
-1.3014
-0.4946
-0.0014
0.4118
0.3592
-0.3401
-1.3084
-0.4973
-0.0014
0.4140
0.3611
-0.3420
-1.3155
-0.4999
-0.0014
0.4162
0.3631
-0.3438
-1.3225
-0.5026
-0.0014
0.4184
0.3650
-0.3456
-1.3295
-0.5053
-0.0014
0.4207
0.3669
-0.3475
-1.3366
-0.5080
-0.0014
0.4229
0.3689
-0.3493
-1.3436
-0.5106
-0.0014
0.4251
0.3708
-0.3511
-1.3506
-0.5133
-0.0014
0.4273
0.3727
-0.3529
-1.3577
-0.5160
-0.0014
0.4296
0.3747
-0.3548
-1.3647
-0.5187
-0.0014
0.4318
0.3766
-0.3566
-1.3717
-0.5213
-0.0014
0.4340
0.3785
-0.3584
-1.3788
-0.5240
-0.0014
0.4362
0.3805
-0.3603
-1.3858
-0.5267
-0.0015
0.4385
0.3824
-0.3621
-1.3928
-0.5294
-0.0015
0.4407
0.3843
-0.3639
-1.3999
-0.5320
-0.0015
0.4429
0.3863
-0.3657
-1.4069
-0.5347
-0.0015
0.4451
0.3882
-0.3676
-1.4139
-0.5374
-0.0015
0.4474
0.3901
-0.3694
-1.4210
-0.5401
-0.0015
0.4496
0.3920
-0.3712
-1.4280
-0.5427
-0.0015
0.4518
0.3940
-0.3731
-1.4350
-0.5454
-0.0015
0.4540
0.3959
-0.3749
-1.4421
-0.5481
-0.0015
0.4563
0.3978
-0.3767
-1.4491
-0.5507
-0.0015
0.4585
0.3998
-0.3785
-1.4561
-0.5534
-0.0015
0.4607
0.4017
-0.3804
-1.4632
-0.5561
-0.0015
0.4629
0.4036
-0.3822
-1.4702
-0.5588
-0.0015
0.4652
0.4056
-0.3840
-1.4772
-0.5614
-0.0015
0.4674
0.4075
-0.3859
-1.4843
-0.5641
-0.0016
0.4696
0.4094
-0.3877
-1.4913
-0.5668
-0.0016
0.4719
0.4114
-0.3895
-1.4984
-0.5695
-0.0016
0.4741
0.4133
-0.3913
-1.5054
-0.5721
-0.0016
0.4763
0.4152
-0.3932
-1.5124
-0.5748
-0.0016
0.4785
0.4172
-0.3950
-1.5195
-0.5775
-0.0016
0.4808
0.4191
-0.3968
-1.5265
-0.5802
-0.0016
0.4830
0.4210
-0.3987
-1.5335
-0.5828
-0.0016
0.4852
0.4229
-0.4005
-1.5406
-0.5855
-0.0016
0.4874
0.4249
-0.4023
-1.5476
-0.5882
-0.0016
0.4897
0.4268
-0.4041
-1.5546
-0.5908
-0.0016
0.4919
0.4287
-0.4060
-1.5617
-0.5935
-0.0016
0.4941
0.4307
-0.4078
-1.5687
-0.5962
-0.0016
0.4963
0.4326
-0.4096
-1.5757
-0.5989
-0.0017
0.4986
0.4345
-0.4115
-1.5828
-0.6015
-0.0017
0.5008
0.4365
-0.4133
-1.5898
-0.6042
-0.0017
0.5030
0.4384
-0.4151
-1.5968
-0.6069
-0.0017
0.5052
0.4403
-0.4169
-1.6039
-0.6096
-0.0017
0.5075
0.4423
-0.4188
-1.6109
-0.6122
-0.0017
0.5097
0.4442
-0.4206
-1.6179
-0.6149
-0.0017
0.5119
0.4461
-0.4224
-1.6250
-0.6176
-0.0017
0.5141
0.4481
-0.4243
-1.6320
-0.6203
-0.0017
0.5164
0.4500
-0.4261
-1.6390
-0.6229
-0.0017
0.5186
0.4519
-0.4279
-1.6461
-0.6256
-0.0017
0.5208
0.4538
-0.4297
-1.6531
-0.6283
-0.0017
0.5230
0.4558
-0.4316
-1.6601
-0.6310
-0.0017
0.5253
0.4577
-0.4334
-1.6672
-0.6336
-0.0017
0.5275
0.4596
-0.4352
-1.6742
-0.6363
-0.0018
0.5297
0.4616
-0.4371
-1.6813
-0.6390
-0.0018
0.5319
0.4635
-0.4389
-1.6883
-0.6416
-0.0018
0.5342
0.4654
-0.4407
-1.6953
-0.6443
-0.0018
0.5364
0.4674
-0.4425
-1.7024
-0.6470
-0.0018
0.5386
0.4693
-0.4444
-1.7094
-0.6497
-0.0018
0.5408
0.4712
-0.4462
-1.7164
-0.6523
-0.0018
0.5431
0.4732
-0.4480
-1.7235
-0.6550
-0.0018
0.5453
0.4751
-0.4499
-1.7305
-0.6577
-0.0018
0.5475
0.4770
-0.4517
-1.7375
-0.6604
-0.0018
0.5498
0.4790
-0.4535
-1.7446
-0.6630
-0.0018
0.5520
0.4809
-0.4553
-1.7516
-0.6657
-0.0018
0.5542
0.4828
-0.4572
-1.7586
-0.6684
-0.0018
0.5564
0.4847
-0.4590
-1.7657
-0.6711
-0.0018
0.5587
0.4867
-0.4608
-1.7727
-0.6737
-0.0019
0.5609
0.4886
-0.4627
-1.7797
-0.6764
-0.0019
0.5631
0.4905
-0.4645
-1.7868
-0.6791
-0.0019
0.5653
0.4925
-0.4663
-1.7938
-0.6817
-0.0019
0.5676
0.4944
-0.4681
-1.8008
-0.6844
-0.0019
0.5698
0.4963
-0.4700
-1.8079
-0.6871
-0.0019
0.5720
0.4983
-0.4718
-1.8149
-0.6898
-0.0019
0.5742
0.5002
-0.4736
-1.8219
-0.6924
-0.0019
0.5765
0.5021
-0.4755
-1.8290
-0.6951
-0.0019
0.5787
0.5041
-0.4773
-1.8360
-0.6978
-0.0019
0.5809
0.5060
-0.4791
-1.8430
-0.7005
-0.0019
0.5831
0.5079
-0.4810
-1.8501
-0.7031
-0.0019
0.5854
0.5099
-0.4828
-1.8571
-0.7058
-0.0019
0.5876
0.5118
-0.4846
-1.8641
-0.7085
-0.0020
0.5898
0.5137
-0.4864
-1.8712
-0.7112
-0.0020
0.5920
0.5156
-0.4883
-1.8782
-0.7138
-0.0020
0.5943
0.5176
-0.4901
-1.8853
-0.7165
-0.0020
0.5965
0.5195
-0.4919
-1.8923
-0.7192
-0.0020
0.5987
0.5214
-0.4938
-1.8993
-0.7219
-0.0020
0.6009
0.5234
-0.4956
-1.9064
-0.7245
-0.0020
0.6032
0.5253
-0.4974
-1.9134
-0.7272
-0.0020
0.6054
0.5272
-0.4992
-1.9204
-0.7299
-0.0020
0.6076
0.5292
-0.5011
-1.9275
-0.7325
-0.0020
0.6098
0.5311
-0.5029
-1.9345
-0.7352
-0.0020
0.6121
0.5330
-0.5047
-1.9415
-0.7379
-0.0020
0.6143
0.5350
-0.5066
-1.9486
-0.7406
-0.0020
0.6165
0.5369
-0.5084
-1.9556
-0.7432
-0.0020
0.6187
0.5388
-0.5102
-1.9626
-0.7459
-0.0021
0.6210
0.5408
-0.5120
-1.9697
-0.7486
-0.0021
0.6232
0.5427
-0.5139
-1.9767
-0.7513
-0.0021
0.6254
0.5446
-0.5157
-1.9837
-0.7539
-0.0021
0.6277
0.5465
-0.5175
-1.9908
-0.7566
-0.0021
0.6299
0.5485
-0.5194
-1.9978
-0.7593
-0.0021
0.6321
0.5504
-0.5212
-2.0048
-0.7620
-0.0021
0.6343
0.5523
-0.5230
-2.0119
-0.7646
-0.0021
0.6366
0.5543
-0.5248
-2.0189
-0.7673
-0.0021
0.6388
0.5562
-0.5267
-2.0259
-0.7700
-0.0021
0.6410
0.5581
-0.5285
-2.0330
-0.7726
-0.0021
0.6432
0.5601
-0.5303
-2.0400
-0.7753
-0.0021
0.6455
0.5620
-0.5322
-2.0470
-0.7780
-0.0021
0.6477
0.5639
-0.5340
-2.0541
-0.7807
-0.0022
0.6499
0.5659
-0.5358
-2.0611
-0.7833
-0.0022
0.6521
0.5678
-0.5376
-2.0681
-0.7860
-0.0022
0.6544
0.5697
-0.5395
-2.0752
-0.7887
-0.0022
0.6566
0.5717
-0.5413
-2.0822
-0.7914
-0.0022
0.6588
0.5736
-0.5431
-2.0893
-0.7940
-0.0022
0.6610
0.5755
-0.5450
-2.0963
-0.7967
-0.0022
0.6633
0.5774
-0.5468
-2.1033
-0.7994
-0.0022
0.6655
0.5794
-0.5486
-2.1104
-0.8021
-0.0022
0.6677
0.5813
-0.5504
-2.1174
-0.8047
-0.0022
0.6699
0.5832
-0.5523
-2.1244
-0.8074
-0.0022
0.6722
0.5852
-0.5541
-2.1315
-0.8101
-0.0022
0.6744
0.5871
-0.5559
-2.1385
-0.8128
-0.0022
0.6766
0.5890
-0.5578
-2.1455
-0.8154
-0.0022
0.6788
0.5910
-0.5596
-2.1526
-0.8181
-0.0023
0.6811
0.5929
-0.5614
-2.1596
-0.8208
-0.0023
0.6833
0.5948
-0.5632
-2.1666
-0.8234
-0.0023
0.6855
0.5968
-0.5651
-2.1737
-0.8261
-0.0023
0.6877
0.5987
-0.5669
-2.1807
-0.8288
-0.0023
0.6900
0.6006
-0.5687
-2.1877
-0.8315
-0.0023
0.6922
0.6026
-0.5706
-2.1948
-0.8341
-0.0023
0.6944
0.6045
-0.5724
-2.2018
-0.8368
-0.0023
0.6966
0.6064
-0.5742
-2.2088
-0.8395
-0.0023
0.6989
0.6083
-0.5760
-2.2159
-0.8422
-0.0023
0.7011
0.6103
-0.5779
-2.2229
-0.8448
-0.0023
0.7033
0.6122
-0.5797
-2.2299
-0.8475
-0.0023
0.7056
0.6141
-0.5815
-2.2370
-0.8502
-0.0023
0.7078
0.6161
-0.5834
-2.2440
-0.8529
-0.0024
0.7100
0.6180
-0.5852
-2.2510
-0.8555
-0.0024
0.7122
0.6199
-0.5870
-2.2581
-0.8582
-0.0024
0.7145
0.6219
-0.5888
-2.2651
-0.8609
-0.0024
0.7167
0.6238
-0.5907
-2.2722
-0.8635
-0.0024
0.7189
0.6257
-0.5925
-2.2792
-0.8662
-0.0024
0.7211
0.6277
-0.5943
-2.2862
-0.8689
-0.0024
0.7234
0.6296
-0.5962
-2.2933
-0.8716
-0.0024
0.7256
0.6315
-0.5980
-2.3003
-0.8742
-0.0024
0.7278
0.6335
-0.5998
-2.3073
-0.8769
-0.0024
0.7300
0.6354
-0.6016
-2.3144
-0.8796
-0.0024
0.7323
0.6373
-0.6035
-2.3214
-0.8823
-0.0024
0.7345
0.6392
-0.6053
-2.3284
-0.8849
-0.0024
0.7367
0.6412
-0.6071
-2.3355
-0.8876
-0.0024
0.7389
0.6431
-0.6090
-2.3425
-0.8903
-0.0025
0.7412
0.6450
-0.6108
-2.3495
-0.8930
-0.0025
0.7434
0.6470
-0.6126
-2.3566
-0.8956
-0.0025
0.7456
0.6489
-0.6144
-2.3636
-0.8983
-0.0025
0.7478
0.6508
-0.6163
-2.3706
-0.9010
-0.0025
0.7501
0.6528
-0.6181
-2.3777
-0.9037
-0.0025
0.7523
0.6547
-0.6199
-2.3847
-0.9063
-0.0025
0.7545
0.6566
-0.6218
-2.3917
-0.9090
-0.0025
0.7567
0.6586
-0.6236
-2.3988
-0.9117
-0.0025
0.7590
0.6605
-0.6254
-2.4058
-0.9143
-0.0025
0.7612
0.6624
-0.6272
-2.4128
-0.9170
-0.0025
0.7634
0.6644
-0.6291
-2.4199
-0.9197
-0.0025
0.7656
0.6663
-0.6309
-2.4269
-0.9224
-0.0025
0.7679
0.6682
-0.6327
-2.4339
-0.9250
-0.0025
0.7701
0.6701
-0.6346
-2.4410
-0.9277
-0.0026
0.7723
0.6721
-0.6364
-2.4480
-0.9304
-0.0026
0.7745
0.6740
-0.6382
-2.4550
-0.9331
-0.0026
0.7768
0.6759
-0.6400
-2.4621
-0.9357
-0.0026
0.7790
0.6779
-0.6419
-2.4691
-0.9384
-0.0026
0.7812
0.6798
-0.6437
-2.4762
-0.9411
-0.0026
0.7835
0.6817
-0.6455
-2.4832
-0.9438
-0.0026
0.7857
0.6837
-0.6474
-2.4902
-0.9464
-0.0026
0.7879
0.6856
-0.6492
-2.4973
-0.9491
-0.0026
0.7901
0.6875
-0.6510
-2.5043
-0.9518
-0.0026
0.7924
0.6895
-0.6528
-2.5113
-0.9544
-0.0026
0.7946
0.6914
-0.6547
-2.5184
-0.9571
-0.0026
0.7968
0.6933
-0.6565
-2.5254
-0.9598
-0.0026
0.7990
0.6953
-0.6583
-2.5324
-0.9625
-0.0027
0.8013
0.6972
-0.6602
-2.5395
-0.9651
-0.0027
0.8035
0.6991
-0.6620
-2.5465
-0.9678
-0.0027
0.8057
0.7010
-0.6638
-2.5535
-0.9705
-0.0027
0.8079
0.7030
-0.6656
-2.5606
-0.9732
-0.0027
0.8102
0.7049
-0.6675
-2.5676
-0.9758
-0.0027
0.8124
0.7068
-0.6693
-2.5746
-0.9785
-0.0027
0.8146
0.7088
-0.6711
-2.5817
-0.9812
-0.0027
0.8168
0.7107
-0.6730
-2.5887
-0.9839
-0.0027
0.8191
0.7126
-0.6748
-2.5957
-0.9865
-0.0027
0.8213
0.7146
-0.6766
-2.6028
-0.9892
-0.0027
0.8235
0.7165
-0.6785
-2.6098
-0.9919
-0.0027
0.8257
0.7184
-0.6803
-2.6168
-0.9946
-0.0027
0.8280
0.7204
-0.6821
-2.6239
-0.9972
-0.0027
0.8302
0.7223
-0.6839
-2.6309
-0.9999
-0.0028
0.8324
0.7242
-0.6858
-2.6379
-1.0026
-0.0028
0.8346
0.7262
-0.6876
-2.6450
-1.0052
-0.0028
0.8369
0.7281
-0.6894
-2.6520
-1.0079
-0.0028
0.8391
0.7300
-0.6913
-2.6590
-1.0106
-0.0028
0.8413
0.7319
-0.6931
-2.6661
-1.0133
-0.0028
0.8435
0.7339
-0.6949
-2.6731
-1.0159
-0.0028
0.8458
0.7358
-0.6967
-2.6802
-1.0186
-0.0028
0.8480
0.7377
-0.6986
-2.6872
-1.0213
-0.0028
0.8502
0.7397
-0.7004
-2.6942
-1.0240
-0.0028
0.8525
0.7416
-0.7022
-2.7013
-1.0266
-0.0028
0.8547
0.7435
-0.7041
-2.7083
-1.0293
-0.0028
0.8569
0.7455
-0.7059
-2.7153
-1.0320
-0.0028
0.8591
0.7474
-0.7077
-2.7224
-1.0347
-0.0029
0.8614
0.7493
-0.7095
-2.7294
-1.0373
-0.0029
0.8636
0.7513
-0.7114
-2.7364
-1.0400
-0.0029
0.8658
0.7532
-0.7132
-2.7435
-1.0427
-0.0029
0.8680
0.7551
-0.7150
-2.7505
-1.0453
-0.0029
0.8703
0.7571
-0.7169
-2.7575
-1.0480
-0.0029
0.8725
0.7590
-0.7187
-2.7646
-1.0507
-0.0029
0.8747
0.7609
-0.7205
-2.7716
-1.0534
-0.0029
0.8769
0.7628
-0.7223
-2.7786
-1.0560
-0.0029
0.8792
0.7648
-0.7242
-2.7857
-1.0587
-0.0029
0.8814
0.7667
-0.7260
-2.7927
-1.0614
-0.0029
0.8836
0.7686
-0.7278
-2.7997
-1.0641
-0.0029
0.8858
0.7706
-0.7297
-2.8068
-1.0667
-0.0029
0.8881
0.7725
-0.7315
-2.8138
-1.0694
-0.0029
0.8903
0.7744
-0.7333
-2.8208
-1.0721
-0.0030
0.8925
0.7764
-0.7351
-2.8279
-1.0748
-0.0030
0.8947
0.7783
-0.7370
-2.8349
-1.0774
-0.0030
0.8970
0.7802
-0.7388
-2.8419
-1.0801
-0.0030
0.8992
0.7822
-0.7406
-2.8490
-1.0828
-0.0030
0.9014
0.7841
-0.7425
-2.8560
-1.0855
-0.0030
0.9036
0.7860
-0.7443
-2.8631
-1.0881
-0.0030
0.9059
0.7880
-0.7461
-2.8701
-1.0908
-0.0030
0.9081
0.7899
-0.7479
-2.8771
-1.0935
-0.0030
0.9103
0.7918
-0.7498
-2.8842
-1.0961
-0.0030
0.9125
0.7937
-0.7516
-2.8912
-1.0988
-0.0030
0.9148
0.7957
-0.7534
-2.8982
-1.1015
-0.0030
0.9170
0.7976
-0.7553
-2.9053
-1.1042
-0.0030
0.9192
0.7995
-0.7571
-2.9123
-1.1068
-0.0030
0.9214
0.8015
-0.7589
-2.9193
-1.1095
-0.0031
0.9237
0.8034
-0.7607
-2.9264
-1.1122
-0.0031
0.9259
0.8053
-0.7626
-2.9334
-1.1149
-0.0031
0.9281
0.8073
-0.7644
-2.9404
-1.1175
-0.0031
0.9304
0.8092
-0.7662
-2.9475
-1.1202
-0.0031
0.9326
0.8111
-0.7681
-2.9545
-1.1229
-0.0031
0.9348
0.8131
-0.7699
-2.9615
-1.1256
-0.0031
0.9370
0.8150
-0.7717
-2.9686
-1.1282
-0.0031
0.9393
0.8169
-0.7735
-2.9756
-1.1309
-0.0031
0.9415
0.8189
-0.7754
-2.9826
-1.1336
-0.0031
0.9437
0.8208
-0.7772
-2.9897
-1.1362
-0.0031
0.9459
0.8227
-0.7790
-2.9967
-1.1389
-0.0031
0.9482
0.8246
-0.7809
-3.0037
-1.1416
-0.0031
0.9504
0.8266
-0.7827
-3.0108
-1.1443
-0.0032
0.9526
0.8285
-0.7845
-3.0178
-1.1469
-0.0032
0.9548
0.8304
-0.7863
-3.0248
-1.1496
-0.0032
0.9571
0.8324
-0.7882
-3.0319
-1.1523
-0.0032
0.9593
0.8343
-0.7900
-3.0389
-1.1550
-0.0032
0.9615
0.8362
-0.7918
-3.0459
-1.1576
-0.0032
0.9637
0.8382
-0.7937
-3.0530
-1.1603
-0.0032
0.9660
0.8401
-0.7955
-3.0600
-1.1630
-0.0032
0.9682
0.8420
-0.7973
-3.0671
-1.1657
-0.0032
0.9704
0.8440
-0.7991
-3.0741
-1.1683
-0.0032
0.9726
0.8459
-0.8010
-3.0811
-1.1710
-0.0032
0.9749
0.8478
-0.8028
-3.0882
-1.1737
-0.0032
0.9771
0.8498
-0.8046
-3.0952
-1.1764
-0.0032
0.9793
0.8517
-0.8065
-3.1022
-1.1790
-0.0032
0.9815
0.8536
-0.8083
-3.1093
-1.1817
-0.0033
0.9838
0.8555
-0.8101
-3.1163
-1.1844
-0.0033
0.9860
0.8575
-0.8119
-3.1233
-1.1870
-0.0033
0.9882
0.8594
-0.8138
-3.1304
-1.1897
-0.0033
0.9904
0.8613
-0.8156
-3.1374
-1.1924
-0.0033
0.9927
0.8633
-0.8174
-3.1444
-1.1951
-0.0033
0.9949
0.8652
-0.8193
-3.1515
-1.1977
-0.0033
0.9971
0.8671
-0.8211
-3.1585
-1.2004
-0.0033
0.9993
0.8691
-0.8229
-3.1655
-1.2031
-0.0033
1.0016
0.8710
-0.8247
-3.1726
-1.2058
-0.0033
1.0038
0.8729
-0.8266
-3.1796
-1.2084
-0.0033
1.0060
0.8749
-0.8284
-3.1866
-1.2111
-0.0033
1.0083
0.8768
-0.8302
-3.1937
-1.2138
-0.0033
1.0105
0.8787
-0.8321
-3.2007
-1.2165
-0.0034
1.0127
0.8807
-0.8339
-3.2077
-1.2191
-0.0034
1.0149
0.8810
-0.8370
-3.2053
-1.2236
-0.0059
1.0186
0.8813
-0.8400
-3.2029
-1.2281
-0.0085
1.0223
0.8816
-0.8431
-3.2005
-1.2325
-0.0110
1.0260
0.8820
-0.8461
-3.1981
-1.2370
-0.0136
1.0297
0.8823
-0.8492
-3.1956
-1.2415
-0.0162
1.0334
0.8826
-0.8523
-3.1932
-1.2459
-0.0187
1.0371
0.8830
-0.8553
-3.1908
-1.2504
-0.0213
1.0408
0.8833
-0.8584
-3.1884
-1.2549
-0.0239
1.0445
0.8836
-0.8615
-3.1859
-1.2593
-0.0264
1.0482
0.8840
-0.8645
-3.1835
-1.2638
-0.0290
1.0519
0.8843
-0.8676
-3.1811
-1.2682
-0.0315
1.0556
0.8846
-0.8706
-3.1787
-1.2727
-0.0341
1.0593
0.8850
-0.8737
-3.1763
-1.2772
-0.0367
1.0630
0.8853
-0.8768
-3.1738
-1.2816
-0.0392
1.0667
0.8856
-0.8798
-3.1714
-1.2861
-0.0418
1.0704
0.8860
-0.8829
-3.1690
-1.2906
-0.0443
1.0741
0.8863
-0.8860
-3.1666
-1.2950
-0.0469
1.0778
0.8866
-0.8890
-3.1642
-1.2995
-0.0495
1.0815
0.8870
-0.8921
-3.1617
-1.3040
-0.0520
1.0852
0.8873
-0.8951
-3.1593
-1.3084
-0.0546
1.0889
0.8876
-0.8982
-3.1569
-1.3129
-0.0572
1.0926
0.8880
-0.9013
-3.1545
-1.3174
-0.0597
1.0963
0.8883
-0.9043
-3.1520
-1.3218
-0.0623
1.1000
0.8886
-0.9074
-3.1496
-1.3263
-0.0648
1.1037
0.8889
-0.9105
-3.1472
-1.3308
-0.0674
1.1074
0.8893
-0.9135
-3.1448
-1.3352
-0.0700
1.1111
0.8896
-0.9166
-3.1424
-1.3397
-0.0725
1.1148
0.8899
-0.9196
-3.1399
-1.3442
-0.0751
1.1185
0.8903
-0.9227
-3.1375
-1.3486
-0.0776
1.1222
0.8906
-0.9258
-3.1351
-1.3531
-0.0802
1.1259
0.8909
-0.9288
-3.1327
-1.3576
-0.0828
1.1296
0.8913
-0.9319
-3.1303
-1.3620
-0.0853
1.1333
0.8916
-0.9350
-3.1278
-1.3665
-0.0879
1.1370
0.8919
-0.9380
-3.1254
-1.3710
-0.0905
1.1407
0.8923
-0.9411
-3.1230
-1.3754
-0.0930
1.1444
0.8926
-0.9441
-3.1206
-1.3799
-0.0956
1.1481
0.8929
-0.9472
-3.1181
-1.3843
-0.0981
1.1518
0.8933
-0.9503
-3.1157
-1.3888
-0.1007
1.1555
0.8936
-0.9533
-3.1133
-1.3933
-0.1033
1.1592
0.8939
-0.9564
-3.1109
-1.3977
-0.1058
1.1629
0.8943
-0.9595
-3.1085
-1.4022
-0.1084
1.1666
0.8946
-0.9625
-3.1060
-1.4067
-0.1110
1.1703
0.8949
-0.9656
-3.1036
-1.4111
-0.1135
1.1740
0.8953
-0.9687
-3.1012
-1.4156
-0.1161
1.1777
0.8956
-0.9717
-3.0988
-1.4201
-0.1186
1.1814
0.8959
-0.9748
-3.0964
-1.4245
-0.1212
1.1851
0.8962
-0.9778
-3.0939
-1.4290
-0.1238
1.1888
0.8966
-0.9809
-3.0915
-1.4335
-0.1263
1.1925
0.8969
-0.9840
-3.0891
-1.4379
-0.1289
1.1962
0.8972
-0.9870
-3.0867
-1.4424
-0.1314
1.1999
0.8976
-0.9901
-3.0842
-1.4469
-0.1340
1.2036
0.8979
-0.9932
-3.0818
-1.4513
-0.1366
1.2073
0.8982
-0.9962
-3.0794
-1.4558
-0.1391
1.2110
0.8986
-0.9993
-3.0770
-1.4603
-0.1417
1.2147
0.8989
-1.0023
-3.0746
-1.4647
-0.1443
1.2184
0.8992
-1.0054
-3.0721
-1.4692
-0.1468
1.2221
0.8996
-1.0085
-3.0697
-1.4737
-0.1494
1.2258
0.8999
-1.0115
-3.0673
-1.4781
-0.1519
1.2295
0.9002
-1.0146
-3.0649
-1.4826
-0.1545
1.2332
0.9006
-1.0177
-3.0624
-1.4871
-0.1571
1.2369
0.9009
-1.0207
-3.0600
-1.4915
-0.1596
1.2406
0.9012
-1.0238
-3.0576
-1.4960
-0.1622
1.2443
0.9016
-1.0268
-3.0552
-1.5004
-0.1647
1.2480
0.9019
-1.0299
-3.0528
-1.5049
-0.1673
1.2517
0.9022
-1.0330
-3.0503
-1.5094
-0.1699
1.2554
0.9026
-1.0360
-3.0479
-1.5138
-0.1724
1.2591
0.9029
-1.0391
-3.0455
-1.5183
-0.1750
1.2627
0.9032
-1.0422
-3.0431
-1.5228
-0.1776
1.2664
0.9036
-1.0452
-3.0407
-1.5272
-0.1801
1.2701
0.9039
-1.0483
-3.0382
-1.5317
-0.1827
1.2738
0.9042
-1.0513
-3.0358
-1.5362
-0.1852
1.2775
0.9045
-1.0544
-3.0334
-1.5406
-0.1878
1.2812
0.9049
-1.0575
-3.0310
-1.5451
-0.1904
1.2849
0.9052
-1.0605
-3.0285
-1.5496
-0.1929
1.2886
0.9055
-1.0636
-3.0261
-1.5540
-0.1955
1.2923
0.9059
-1.0667
-3.0237
-1.5585
-0.1980
1.2960
0.9062
-1.0697
-3.0213
-1.5630
-0.2006
1.2997
0.9065
-1.0728
-3.0189
-1.5674
-0.2032
1.3034
0.9069
-1.0758
-3.0164
-1.5719
-0.2057
1.3071
0.9072
-1.0789
-3.0140
-1.5764
-0.2083
1.3108
0.9075
-1.0820
-3.0116
-1.5808
-0.2109
1.3145
0.9079
-1.0850
-3.0092
-1.5853
-0.2134
1.3182
0.9082
-1.0881
-3.0068
-1.5898
-0.2160
1.3219
0.9085
-1.0912
-3.0043
-1.5942
-0.2185
1.3256
0.9089
-1.0942
-3.0019
-1.5987
-0.2211
1.3293
0.9092
-1.0973
-2.9995
-1.6032
-0.2237
1.3330
0.9095
-1.1003
-2.9971
-1.6076
-0.2262
1.3367
0.9099
-1.1034
-2.9946
-1.6121
-0.2288
1.3404
0.9102
-1.1065
-2.9922
-1.6165
-0.2314
1.3441
0.9105
-1.1095
-2.9898
-1.6210
-0.2339
1.3478
0.9109
-1.1126
-2.9874
-1.6255
-0.2365
1.3515
0.9112
-1.1157
-2.9850
-1.6299
-0.2390
1.3552
0.9115
-1.1187
-2.9825
-1.6344
-0.2416
1.3589
0.9118
-1.1218
-2.9801
-1.6389
-0.2442
1.3626
0.9122
-1.1248
-2.9777
-1.6433
-0.2467
1.3663
0.9125
-1.1279
-2.9753
-1.6478
-0.2493
1.3700
0.9128
-1.1310
-2.9729
-1.6523
-0.2518
1.3737
0.9132
-1.1340
-2.9704
-1.6567
-0.2544
1.3774
0.9135
-1.1371
-2.9680
-1.6612
-0.2570
1.3811
0.9138
-1.1402
-2.9656
-1.6657
-0.2595
1.3848
0.9142
-1.1432
-2.9632
-1.6701
-0.2621
1.3885
0.9145
-1.1463
-2.9607
-1.6746
-0.2647
1.3922
0.9148
-1.1494
-2.9583
-1.6791
-0.2672
1.3959
0.9152
-1.1524
-2.9559
-1.6835
-0.2698
1.3996
0.9155
-1.1555
-2.9535
-1.6880
-0.2723
1.4033
0.9158
-1.1585
-2.9511
-1.6925
-0.2749
1.4070
0.9162
-1.1616
-2.9486
-1.6969
-0.2775
1.4107
0.9165
-1.1647
-2.9462
-1.7014
-0.2800
1.4144
0.9168
-1.1677
-2.9438
-1.7059
-0.2826
1.4181
0.9172
-1.1708
-2.9414
-1.7103
-0.2851
1.4218
0.9175
-1.1739
-2.9389
-1.7148
-0.2877
1.4255
0.9178
-1.1769
-2.9365
-1.7193
-0.2903
1.4292
0.9182
-1.1800
-2.9341
-1.7237
-0.2928
1.4329
0.9185
-1.1830
-2.9317
-1.7282
-0.2954
1.4366
0.9188
-1.1861
-2.9293
-1.7326
-0.2980
1.4403
0.9191
-1.1892
-2.9268
-1.7371
-0.3005
1.4440
0.9195
-1.1922
-2.9244
-1.7416
-0.3031
1.4477
0.9198
-1.1953
-2.9220
-1.7460
-0.3056
1.4514
0.9201
-1.1984
-2.9196
-1.7505
-0.3082
1.4551
0.9205
-1.2014
-2.9172
-1.7550
-0.3108
1.4588
0.9208
-1.2045
-2.9147
-1.7594
-0.3133
1.4625
0.9211
-1.2075
-2.9123
-1.7639
-0.3159
1.4662
0.9215
-1.2106
-2.9099
-1.7684
-0.3185
1.4699
0.9218
-1.2137
-2.9075
-1.7728
-0.3210
1.4736
0.9221
-1.2167
-2.9050
-1.7773
-0.3236
1.4773
0.9225
-1.2198
-2.9026
-1.7818
-0.3261
1.4810
0.9228
-1.2229
-2.9002
-1.7862
-0.3287
1.4847
0.9231
-1.2259
-2.8978
-1.7907
-0.3313
1.4884
0.9235
-1.2290
-2.8954
-1.7952
-0.3338
1.4921
0.9238
-1.2320
-2.8929
-1.7996
-0.3364
1.4958
0.9241
-1.2351
-2.8905
-1.8041
-0.3389
1.4995
0.9245
-1.2382
-2.8881
-1.8086
-0.3415
1.5032
0.9248
-1.2412
-2.8857
-1.8130
-0.3441
1.5069
0.9251
-1.2443
-2.8833
-1.8175
-0.3466
1.5106
0.9255
-1.2474
-2.8808
-1.8220
-0.3492
1.5143
0.9258
-1.2504
-2.8784
-1.8264
-0.3518
1.5180
0.9261
-1.2535
-2.8760
-1.8309
-0.3543
1.5217
0.9264
-1.2565
-2.8736
-1.8354
-0.3569
1.5254
0.9268
-1.2596
-2.8711
-1.8398
-0.3594
1.5291
0.9271
-1.2627
-2.8687
-1.8443
-0.3620
1.5328
0.9274
-1.2657
-2.8663
-1.8487
-0.3646
1.5365
0.9278
-1.2688
-2.8639
-1.8532
-0.3671
1.5402
0.9281
-1.2719
-2.8615
-1.8577
-0.3697
1.5439
0.9284
-1.2749
-2.8590
-1.8621
-0.3722
1.5476
0.9288
-1.2780
-2.8566
-1.8666
-0.3748
1.5513
0.9291
-1.2810
-2.8542
-1.8711
-0.3774
1.5550
0.9294
-1.2841
-2.8518
-1.8755
-0.3799
1.5587
0.9298
-1.2872
-2.8493
-1.8800
-0.3825
1.5624
0.9301
-1.2902
-2.8469
-1.8845
-0.3851
1.5661
0.9304
-1.2933
-2.8445
-1.8889
-0.3876
1.5698
0.9308
-1.2964
-2.8421
-1.8934
-0.3902
1.5735
0.9311
-1.2994
-2.8397
-1.8979
-0.3927
1.5772
0.9314
-1.3025
-2.8372
-1.9023
-0.3953
1.5808
0.9318
-1.3056
-2.8348
-1.9068
-0.3979
1.5845
0.9321
-1.3086
-2.8324
-1.9113
-0.4004
1.5882
0.9324
-1.3117
-2.8300
-1.9157
-0.4030
1.5919
0.9328
-1.3147
-2.8276
-1.9202
-0.4055
1.5956
0.9331
-1.3178
-2.8251
-1.9247
-0.4081
1.5993
0.9334
-1.3209
-2.8227
-1.9291
-0.4107
1.6030
0.9337
-1.3239
-2.8203
-1.9336
-0.4132
1.6067
0.9341
-1.3270
-2.8179
-1.9381
-0.4158
1.6104
0.9344
-1.3301
-2.8154
-1.9425
-0.4184
1.6141
0.9347
-1.3331
-2.8130
-1.9470
-0.4209
1.6178
0.9351
-1.3362
-2.8106
-1.9515
-0.4235
1.6215
0.9354
-1.3392
-2.8082
-1.9559
-0.4260
1.6252
0.9357
-1.3423
-2.8058
-1.9604
-0.4286
1.6289
0.9361
-1.3454
-2.8033
-1.9648
-0.4312
1.6326
0.9364
-1.3484
-2.8009
-1.9693
-0.4337
1.6363
0.9367
-1.3515
-2.7985
-1.9738
-0.4363
1.6400
0.9371
-1.3546
-2.7961
-1.9782
-0.4389
1.6437
0.9374
-1.3576
-2.7937
-1.9827
-0.4414
1.6474
0.9377
-1.3607
-2.7912
-1.9872
-0.4440
1.6511
0.9381
-1.3637
-2.7888
-1.9916
-0.4465
1.6548
0.9384
-1.3668
-2.7864
-1.9961
-0.4491
1.6585
0.9387
-1.3699
-2.7840
-2.0006
-0.4517
1.6622
0.9391
-1.3729
-2.7815
-2.0050
-0.4542
1.6659
0.9394
-1.3760
-2.7791
-2.0095
-0.4568
1.6696
0.9397
-1.3791
-2.7767
-2.0140
-0.4593
1.6733
0.9401
-1.3821
-2.7743
-2.0184
-0.4619
1.6770
0.9404
-1.3852
-2.7719
-2.0229
-0.4645
1.6807
0.9407
-1.3882
-2.7694
-2.0274
-0.4670
1.6844
0.9410
-1.3913
-2.7670
-2.0318
-0.4696
1.6881
0.9414
-1.3944
-2.7646
-2.0363
-0.4722
1.6918
0.9417
-1.3974
-2.7622
-2.0408
-0.4747
1.6955
0.9420
-1.4005
-2.7598
-2.0452
-0.4773
1.6992
0.9424
-1.4036
-2.7573
-2.0497
-0.4798
1.7029
0.9427
-1.4066
-2.7549
-2.0542
-0.4824
1.7066
0.9430
-1.4097
-2.7525
-2.0586
-0.4850
1.7103
0.9434
-1.4127
-2.7501
-2.0631
-0.4875
1.7140
0.9437
-1.4158
-2.7476
-2.0676
-0.4901
1.7177
0.9440
-1.4189
-2.7452
-2.0720
-0.4926
1.7214
0.9444
-1.4219
-2.7428
-2.0765
-0.4952
1.7251
0.9447
-1.4250
-2.7404
-2.0809
-0.4978
1.7288
0.9450
-1.4281
-2.7380
-2.0854
-0.5003
1.7325
0.9454
-1.4311
-2.7355
-2.0899
-0.5029
1.7362
0.9457
-1.4342
-2.7331
-2.0943
-0.5055
1.7399
0.9460
-1.4372
-2.7307
-2.0988
-0.5080
1.7436
0.9464
-1.4403
-2.7283
-2.1033
-0.5106
1.7473
0.9467
-1.4434
-2.7259
-2.1077
-0.5131
1.7510
0.9470
-1.4464
-2.7234
-2.1122
-0.5157
1.7547
0.9474
-1.4495
-2.7210
-2.1167
-0.5183
1.7584
0.9477
-1.4526
-2.7186
-2.1211
-0.5208
1.7621
0.9480
-1.4556
-2.7162
-2.1256
-0.5234
1.7658
0.9483
-1.4587
-2.7137
-2.1301
-0.5259
1.7695
0.9487
-1.4618
-2.7113
-2.1345
-0.5285
1.7732
0.9490
-1.4648
-2.7089
-2.1390
-0.5311
1.7769
0.9493
-1.4679
-2.7065
-2.1435
-0.5336
1.7806
0.9497
-1.4709
-2.7041
-2.1479
-0.5362
1.7843
0.9500
-1.4740
-2.7016
-2.1524
-0.5388
1.7880
0.9503
-1.4771
-2.6992
-2.1569
-0.5413
1.7917
0.9507
-1.4801
-2.6968
-2.1613
-0.5439
1.7954
0.9510
-1.4832
-2.6944
-2.1658
-0.5464
1.7991
0.9513
-1.4863
-2.6919
-2.1703
-0.5490
1.8028
0.9517
-1.4893
-2.6895
-2.1747
-0.5516
1.8065
0.9520
-1.4924
-2.6871
-2.1792
-0.5541
1.8102
0.9523
-1.4954
-2.6847
-2.1837
-0.5567
1.8139
0.9527
-1.4985
-2.6823
-2.1881
-0.5593
1.8176
0.9530
-1.5016
-2.6798
-2.1926
-0.5618
1.8213
0.9533
-1.5046
-2.6774
-2.1970
-0.5644
1.8250
0.9537
-1.5077
-2.6750
-2.2015
-0.5669
1.8287
0.9540
-1.5108
-2.6726
-2.2060
-0.5695
1.8324
0.9543
-1.5138
-2.6702
-2.2104
-0.5721
1.8361
0.9547
-1.5169
-2.6677
-2.2149
-0.5746
1.8398
0.9550
-1.5199
-2.6653
-2.2194
-0.5772
1.8435
0.9553
-1.5230
-2.6629
-2.2238
-0.5797
1.8472
0.9556
-1.5261
-2.6605
-2.2283
-0.5823
1.8509
0.9560
-1.5291
-2.6580
-2.2328
-0.5849
1.8546
0.9563
-1.5322
-2.6556
-2.2372
-0.5874
1.8583
0.9566
-1.5353
-2.6532
-2.2417
-0.5900
1.8620
0.9570
-1.5383
-2.6508
-2.2462
-0.5926
1.8657
0.9573
-1.5414
-2.6484
-2.2506
-0.5951
1.8694
0.9576
-1.5444
-2.6459
-2.2551
-0.5977
1.8731
0.9580
-1.5475
-2.6435
-2.2596
-0.6002
1.8768
0.9583
-1.5506
-2.6411
-2.2640
-0.6028
1.8805
0.9586
-1.5536
-2.6387
-2.2685
-0.6054
1.8842
0.9590
-1.5567
-2.6363
-2.2730
-0.6079
1.8879
0.9593
-1.5598
-2.6338
-2.2774
-0.6105
1.8916
0.9596
-1.5628
-2.6314
-2.2819
-0.6130
1.8953
0.9600
-1.5659
-2.6290
-2.2864
-0.6156
1.8989
0.9603
-1.5689
-2.6266
-2.2908
-0.6182
1.9026
0.9606
-1.5720
-2.6241
-2.2953
-0.6207
1.9063
0.9610
-1.5751
-2.6217
-2.2998
-0.6233
1.9100
0.9613
-1.5781
-2.6193
-2.3042
-0.6259
1.9137
0.9616
-1.5812
-2.6169
-2.3087
-0.6284
1.9174
0.9620
-1.5843
-2.6145
-2.3132
-0.6310
1.9211
0.9623
-1.5873
-2.6120
-2.3176
-0.6335
1.9248
0.9626
-1.5904
-2.6096
-2.3221
-0.6361
1.9285
0.9630
-1.5934
-2.6072
-2.3265
-0.6387
1.9322
0.9633
-1.5965
-2.6048
-2.3310
-0.6412
1.9359
0.9636
-1.5996
-2.6023
-2.3355
-0.6438
1.9396
0.9639
-1.6026
-2.5999
-2.3399
-0.6463
1.9433
0.9643
-1.6057
-2.5975
-2.3444
-0.6489
1.9470
0.9646
-1.6088
-2.5951
-2.3489
-0.6515
1.9507
0.9649
-1.6118
-2.5927
-2.3533
-0.6540
1.9544
0.9653
-1.6149
-2.5902
-2.3578
-0.6566
1.9581
0.9656
-1.6179
-2.5878
-2.3623
-0.6592
1.9618
0.9659
-1.6210
-2.5854
-2.3667
-0.6617
1.9655
0.9663
-1.6241
-2.5830
-2.3712
-0.6643
1.9692
0.9666
-1.6271
-2.5806
-2.3757
-0.6668
1.9729
0.9669
-1.6302
-2.5781
-2.3801
-0.6694
1.9766
0.9673
-1.6333
-2.5757
-2.3846
-0.6720
1.9803
0.9676
-1.6363
-2.5733
-2.3891
-0.6745
1.9840
0.9679
-1.6394
-2.5709
-2.3935
-0.6771
1.9877
0.9683
-1.6425
-2.5684
-2.3980
-0.6797
1.9914
0.9686
-1.6455
-2.5660
-2.4025
-0.6822
1.9951
0.9689
-1.6486
-2.5636
-2.4069
-0.6848
1.9988
0.9693
-1.6516
-2.5612
-2.4114
-0.6873
2.0025
0.9696
-1.6547
-2.5588
-2.4159
-0.6899
2.0062
0.9699
-1.6578
-2.5563
-2.4203
-0.6925
2.0099
0.9703
-1.6608
-2.5539
-2.4248
-0.6950
2.0136
0.9706
-1.6639
-2.5515
-2.4293
-0.6976
2.0173
0.9709
-1.6670
-2.5491
-2.4337
-0.7001
2.0210
0.9712
-1.6700
-2.5467
-2.4382
-0.7027
2.0247
0.9716
-1.6731
-2.5442
-2.4426
-0.7053
2.0284
0.9719
-1.6761
-2.5418
-2.4471
-0.7078
2.0321
0.9722
-1.6792
-2.5394
-2.4516
-0.7104
2.0358
0.9726
-1.6823
-2.5370
-2.4560
-0.7130
2.0395
0.9729
-1.6853
-2.5345
-2.4605
-0.7155
2.0432
0.9732
-1.6884
-2.5321
-2.4650
-0.7181
2.0469
0.9736
-1.6915
-2.5297
-2.4694
-0.7206
2.0506
0.9739
-1.6945
-2.5273
-2.4739
-0.7232
2.0543
0.9742
-1.6976
-2.5249
-2.4784
-0.7258
2.0580
0.9746
-1.7006
-2.5224
-2.4828
-0.7283
2.0617
0.9749
-1.7037
-2.5200
-2.4873
-0.7309
2.0654
0.9752
-1.7068
-2.5176
-2.4918
-0.7334
2.0691
0.9756
-1.7098
-2.5152
-2.4962
-0.7360
2.0728
0.9759
-1.7129
-2.5128
-2.5007
-0.7386
2.0765
0.9762
-1.7160
-2.5103
-2.5052
-0.7411
2.0802
0.9766
-1.7190
-2.5079
-2.5096
-0.7437
2.0839
0.9769
-1.7221
-2.5055
-2.5141
-0.7463
2.0876
0.9772
-1.7251
-2.5031
-2.5186
-0.7488
2.0913
0.9776
-1.7282
-2.5006
-2.5230
-0.7514
2.0950
0.9779
-1.7313
-2.4982
-2.5275
-0.7539
2.0987
0.9782
-1.7343
-2.4958
-2.5320
-0.7565
2.1024
0.9785
-1.7374
-2.4934
-2.5364
-0.7591
2.1061
0.9789
-1.7405
-2.4910
-2.5409
-0.7616
2.1098
0.9792
-1.7435
-2.4885
-2.5454
-0.7642
2.1135
0.9795
-1.7466
-2.4861
-2.5498
-0.7667
2.1172
0.9799
-1.7496
-2.4837
-2.5543
-0.7693
2.1209
0.9802
-1.7527
-2.4813
-2.5587
-0.7719
2.1246
0.9805
-1.7558
-2.4788
-2.5632
-0.7744
2.1283
0.9809
-1.7588
-2.4764
-2.5677
-0.7770
2.1320
0.9812
-1.7619
-2.4740
-2.5721
-0.7796
2.1357
0.9815
-1.7650
-2.4716
-2.5766
-0.7821
2.1394
0.9819
-1.7680
-2.4692
-2.5811
-0.7847
2.1431
0.9822
-1.7711
-2.4667
-2.5855
-0.7872
2.1468
0.9825
-1.7741
-2.4643
-2.5900
-0.7898
2.1505
0.9829
-1.7772
-2.4619
-2.5945
-0.7924
2.1542
0.9832
-1.7803
-2.4595
-2.5989
-0.7949
2.1579
0.9835
-1.7833
-2.4571
-2.6034
-0.7975
2.1616
0.9839
-1.7864
-2.4546
-2.6079
-0.8001
2.1653
0.9842
-1.7895
-2.4522
-2.6123
-0.8026
2.1690
0.9845
-1.7925
-2.4498
-2.6168
-0.8052
2.1727
0.9849
-1.7956
-2.4474
-2.6213
-0.8077
2.1764
0.9852
-1.7987
-2.4449
-2.6257
-0.8103
2.1801
0.9855
-1.8017
-2.4425
-2.6302
-0.8129
2.1838
0.9858
-1.8048
-2.4401
-2.6347
-0.8154
2.1875
0.9862
-1.8078
-2.4377
-2.6391
-0.8180
2.1912
0.9865
-1.8109
-2.4353
-2.6436
-0.8205
2.1949
0.9868
-1.8140
-2.4328
-2.6481
-0.8231
2.1986
0.9872
-1.8170
-2.4304
-2.6525
-0.8257
2.2023
0.9875
-1.8201
-2.4280
-2.6570
-0.8282
2.2060
0.9878
-1.8232
-2.4256
-2.6615
-0.8308
2.2097
0.9882
-1.8262
-2.4232
-2.6659
-0.8334
2.2133
0.9885
-1.8293
-2.4207
-2.6704
-0.8359
2.2170
0.9888
-1.8323
-2.4183
-2.6748
-0.8385
2.2207
0.9892
-1.8354
-2.4159
-2.6793
-0.8410
2.2244
0.9895
-1.8385
-2.4135
-2.6838
-0.8436
2.2281
0.9898
-1.8415
-2.4110
-2.6882
-0.8462
2.2318
0.9902
-1.8446
-2.4086
-2.6927
-0.8487
2.2355
0.9905
-1.8477
-2.4062
-2.6972
-0.8513
2.2392
0.9908
-1.8507
-2.4038
-2.7016
-0.8538
2.2429
0.9912
-1.8538
-2.4014
-2.7061
-0.8564
2.2466
0.9915
-1.8568
-2.3989
-2.7106
-0.8590
2.2503
0.9918
-1.8599
-2.3965
-2.7150
-0.8615
2.2540
0.9922
-1.8630
-2.3941
-2.7195
-0.8641
2.2577
0.9925
-1.8660
-2.3917
-2.7240
-0.8667
2.2614
0.9928
-1.8691
-2.3893
-2.7284
-0.8692
2.2651
0.9931
-1.8722
-2.3868
-2.7329
-0.8718
2.2688
0.9935
-1.8752
-2.3844
-2.7374
-0.8743
2.2725
0.9938
-1.8783
-2.3820
-2.7418
-0.8769
2.2762
0.9941
-1.8813
-2.3796
-2.7463
-0.8795
2.2799
0.9945
-1.8844
-2.3771
-2.7508
-0.8820
2.2836
0.9948
-1.8875
-2.3747
-2.7552
-0.8846
2.2873
0.9951
-1.8905
-2.3723
-2.7597
-0.8872
2.2910
0.9955
-1.8936
-2.3699
-2.7642
-0.8897
2.2947
0.9958
-1.8967
-2.3675
-2.7686
-0.8923
2.2984
0.9961
-1.8997
-2.3650
-2.7731
-0.8948
2.3021
0.9965
-1.9028
-2.3626
-2.7776
-0.8974
2.3058
0.9968
-1.9058
-2.3602
-2.7820
-0.9000
2.3095
0.9971
-1.9089
-2.3578
-2.7865
-0.9025
2.3132
0.9975
-1.9120
-2.3553
-2.7909
-0.9051
2.3169
0.9978
-1.9150
-2.3529
-2.7954
-0.9076
2.3206
0.9981
-1.9181
-2.3505
-2.7999
-0.9102
2.3243
0.9985
-1.9212
-2.3481
-2.8043
-0.9128
2.3280
0.9988
-1.9242
-2.3457
-2.8088
-0.9153
2.3317
