0.0000
0.0000
0.0000
0.0000
1.5708
0.0000
0.0001
0.0070
0.0071
-0.0000
1.5708
-0.0000
0.0002
0.0140
0.0143
-0.0000
1.5707
-0.0000
0.0003
0.0210
0.0214
-0.0001
1.5707
-0.0000
0.0004
0.0280
0.0285
-0.0001
1.5707
-0.0001
0.0006
0.0350
0.0356
-0.0001
1.5706
-0.0001
0.0007
0.0420
0.0428
-0.0001
1.5706
-0.0001
0.0008
0.0490
0.0499
-0.0001
1.5705
-0.0001
0.0009
0.0560
0.0570
-0.0002
1.5705
-0.0001
0.0010
0.0630
0.0641
-0.0002
1.5705
-0.0001
0.0011
0.0700
0.0713
-0.0002
1.5704
-0.0002
0.0012
0.0770
0.0784
-0.0002
1.5704
-0.0002
0.0013
0.0840
0.0855
-0.0002
1.5704
-0.0002
0.0014
0.0910
0.0926
-0.0003
1.5703
-0.0002
0.0016
0.0980
0.0998
-0.0003
1.5703
-0.0002
0.0017
0.1050
0.1069
-0.0003
1.5703
-0.0002
0.0018
0.1120
0.1140
-0.0003
1.5702
-0.0002
0.0019
0.1190
0.1212
-0.0003
1.5702
-0.0003
0.0020
0.1260
0.1283
-0.0003
1.5702
-0.0003
0.0021
0.1330
0.1354
-0.0004
1.5701
-0.0003
0.0022
0.1400
0.1425
-0.0004
1.5701
-0.0003
0.0023
0.1470
0.1497
-0.0004
1.5701
-0.0003
0.0024
0.1540
0.1568
-0.0004
1.5700
-0.0003
0.0026
0.1610
0.1639
-0.0004
1.5700
-0.0004
0.0027
0.1680
0.1710
-0.0005
1.5699
-0.0004
0.0028
0.1750
0.1782
-0.0005
1.5699
-0.0004
0.0029
0.1820
0.1853
-0.0005
1.5699
-0.0004
0.0030
0.1890
0.1924
-0.0005
1.5698
-0.0004
0.0031
0.1960
0.1995
-0.0005
1.5698
-0.0004
0.0032
0.2030
0.2067
-0.0006
1.5698
-0.0005
0.0033
0.2100
0.2138
-0.0006
1.5697
-0.0005
0.0034
0.2170
0.2209
-0.0006
1.5697
-0.0005
0.0036
0.2240
0.2281
-0.0006
1.5697
-0.0005
0.0037
0.2310
0.2352
-0.0006
1.5696
-0.0005
0.0038
0.2380
0.2423
-0.0007
1.5696
-0.0005
0.0039
0.2450
0.2494
-0.0007
1.5696
-0.0005
0.0040
0.2520
0.2566
-0.0007
1.5695
-0.0006
0.0041
0.2590
0.2637
-0.0007
1.5695
-0.0006
0.0042
0.2660
0.2708
-0.0007
1.5694
-0.0006
0.0043
0.2730
0.2779
-0.0008
1.5694
-0.0006
0.0044
0.2800
0.2851
-0.0008
1.5694
-0.0006
0.0046
0.2870
0.2922
-0.0008
1.5693
-0.0006
0.0047
0.2940
0.2993
-0.0008
1.5693
-0.0007
0.0048
0.3010
0.3064
-0.0008
1.5693
-0.0007
0.0049
0.3080
0.3136
-0.0008
1.5692
-0.0007
0.0050
0.3150
0.3207
-0.0009
1.5692
-0.0007
0.0051
0.3220
0.3278
-0.0009
1.5692
-0.0007
0.0052
0.3290
0.3350
-0.0009
1.5691
-0.0007
0.0053
0.3360
0.3421
-0.0009
1.5691
-0.0007
0.0054
0.3430
0.3492
-0.0009
1.5691
-0.0008
0.0056
0.3500
0.3563
-0.0010
1.5690
-0.0008
0.0057
0.3570
0.3635
-0.0010
1.5690
-0.0008
0.0058
0.3640
0.3706
-0.0010
1.5690
-0.0008
0.0059
0.3710
0.3777
-0.0010
1.5689
-0.0008
0.0060
0.3780
0.3848
-0.0010
1.5689
-0.0008
0.0061
0.3850
0.3920
-0.0011
1.5688
-0.0009
0.0062
0.3920
0.3991
-0.0011
1.5688
-0.0009
0.0063
0.3990
0.4062
-0.0011
1.5688
-0.0009
0.0064
0.4060
0.4133
-0.0011
1.5687
-0.0009
0.0066
0.4130
0.4205
-0.0011
1.5687
-0.0009
0.0067
0.4200
0.4276
-0.0012
1.5687
-0.0009
0.0068
0.4270
0.4347
-0.0012
1.5686
-0.0010
0.0069
0.4340
0.4419
-0.0012
1.5686
-0.0010
0.0070
0.4410
0.4490
-0.0012
1.5686
-0.0010
0.0071
0.4480
0.4561
-0.0012
1.5685
-0.0010
0.0072
0.4550
0.4632
-0.0013
1.5685
-0.0010
0.0073
0.4620
0.4704
-0.0013
1.5685
-0.0010
0.0074
0.4690
0.4775
-0.0013
1.5684
-0.0010
0.0076
0.4760
0.4846
-0.0013
1.5684
-0.0011
0.0077
0.4830
0.4917
-0.0013
1.5683
-0.0011
0.0078
0.4900
0.4989
-0.0013
1.5683
-0.0011
0.0079
0.4970
0.5060
-0.0014
1.5683
-0.0011
0.0080
0.5040
0.5131
-0.0014
1.5682
-0.0011
0.0081
0.5110
0.5202
-0.0014
1.5682
-0.0011
0.0082
0.5180
0.5274
-0.0014
1.5682
-0.0012
0.0083
0.5250
0.5345
-0.0014
1.5681
-0.0012
0.0084
0.5320
0.5416
-0.0015
1.5681
-0.0012
0.0086
0.5390
0.5488
-0.0015
1.5681
-0.0012
0.0087
0.5460
0.5559
-0.0015
1.5680
-0.0012
0.0088
0.5530
0.5630
-0.0015
1.5680
-0.0012
0.0089
0.5600
0.5701
-0.0015
1.5680
-0.0012
0.0090
0.5670
0.5773
-0.0016
1.5679
-0.0013
0.0091
0.5740
0.5844
-0.0016
1.5679
-0.0013
0.0092
0.5810
0.5915
-0.0016
1.5679
-0.0013
0.0093
0.5880
0.5986
-0.0016
1.5678
-0.0013
0.0094
0.5950
0.6058
-0.0016
1.5678
-0.0013
0.0096
0.6020
0.6129
-0.0017
1.5677
-0.0013
0.0097
0.6090
0.6200
-0.0017
1.5677
-0.0014
0.0098
0.6160
0.6271
-0.0017
1.5677
-0.0014
0.0099
0.6230
0.6343
-0.0017
1.5676
-0.0014
0.0100
0.6300
0.6414
-0.0017
1.5676
-0.0014
0.0101
0.6370
0.6485
-0.0018
1.5676
-0.0014
0.0102
0.6440
0.6557
-0.0018
1.5675
-0.0014
0.0103
0.6510
0.6628
-0.0018
1.5675
-0.0015
0.0104
0.6580
0.6699
-0.0018
1.5675
-0.0015
0.0106
0.6650
0.6770
-0.0018
1.5674
-0.0015
0.0107
0.6721
0.6842
-0.0018
1.5674
-0.0015
0.0108
0.6791
0.6913
-0.0019
1.5674
-0.0015
0.0109
0.6861
0.6984
-0.0019
1.5673
-0.0015
0.0110
0.6931
0.7055
-0.0019
1.5673
-0.0015
0.0111
0.7001
0.7127
-0.0019
1.5673
-0.0016
0.0112
0.7071
0.7198
-0.0019
1.5672
-0.0016
0.0113
0.7141
0.7269
-0.0020
1.5672
-0.0016
0.0114
0.7211
0.7340
-0.0020
1.5671
-0.0016
0.0115
0.7281
0.7412
-0.0020
1.5671
-0.0016
0.0117
0.7351
0.7483
-0.0020
1.5671
-0.0016
0.0118
0.7421
0.7554
-0.0020
1.5670
-0.0017
0.0119
0.7491
0.7626
-0.0021
1.5670
-0.0017
0.0120
0.7561
0.7697
-0.0021
1.5670
-0.0017
0.0121
0.7631
0.7768
-0.0021
1.5669
-0.0017
0.0122
0.7701
0.7839
-0.0021
1.5669
-0.0017
0.0123
0.7771
0.7911
-0.0021
1.5669
-0.0017
0.0124
0.7841
0.7982
-0.0022
1.5668
-0.0017
0.0125
0.7911
0.8053
-0.0022
1.5668
-0.0018
0.0127
0.7981
0.8124
-0.0022
1.5668
-0.0018
0.0128
0.8051
0.8196
-0.0022
1.5667
-0.0018
0.0129
0.8121
0.8267
-0.0022
1.5667
-0.0018
0.0130
0.8191
0.8338
-0.0023
1.5666
-0.0018
0.0131
0.8261
0.8409
-0.0023
1.5666
-0.0018
0.0132
0.8331
0.8481
-0.0023
1.5666
-0.0019
0.0133
0.8401
0.8552
-0.0023
1.5665
-0.0019
0.0134
0.8471
0.8623
-0.0023
1.5665
-0.0019
0.0135
0.8541
0.8695
-0.0023
1.5665
-0.0019
0.0137
0.8611
0.8766
-0.0024
1.5664
-0.0019
0.0138
0.8681
0.8837
-0.0024
1.5664
-0.0019
0.0139
0.8751
0.8908
-0.0024
1.5664
-0.0020
0.0140
0.8821
0.8980
-0.0024
1.5663
-0.0020
0.0141
0.8891
0.9051
-0.0024
1.5663
-0.0020
0.0142
0.8961
0.9122
-0.0025
1.5663
-0.0020
0.0143
0.9031
0.9193
-0.0025
1.5662
-0.0020
0.0144
0.9101
0.9265
-0.0025
1.5662
-0.0020
0.0145
0.9171
0.9336
-0.0025
1.5662
-0.0020
0.0147
0.9241
0.9407
-0.0025
1.5661
-0.0021
0.0148
0.9311
0.9478
-0.0026
1.5661
-0.0021
0.0149
0.9381
0.9550
-0.0026
1.5660
-0.0021
0.0150
0.9451
0.9621
-0.0026
1.5660
-0.0021
0.0151
0.9521
0.9692
-0.0026
1.5660
-0.0021
0.0152
0.9591
0.9764
-0.0026
1.5659
-0.0021
0.0153
0.9661
0.9835
-0.0027
1.5659
-0.0022
0.0154
0.9731
0.9906
-0.0027
1.5659
-0.0022
0.0156
0.9801
0.9977
-0.0027
1.5658
-0.0022
0.0157
0.9871
1.0049
-0.0027
1.5658
-0.0022
0.0158
0.9941
1.0120
-0.0027
1.5658
-0.0022
0.0159
1.0011
1.0191
-0.0028
1.5657
-0.0022
0.0160
1.0081
1.0262
-0.0028
1.5657
-0.0022
0.0161
1.0151
1.0334
-0.0028
1.5657
-0.0023
0.0162
1.0221
1.0405
-0.0028
1.5656
-0.0023
0.0163
1.0291
1.0476
-0.0028
1.5656
-0.0023
0.0164
1.0361
1.0547
-0.0028
1.5655
-0.0023
0.0166
1.0431
1.0619
-0.0029
1.5655
-0.0023
0.0167
1.0501
1.0690
-0.0029
1.5655
-0.0023
0.0168
1.0571
1.0761
-0.0029
1.5654
-0.0024
0.0169
1.0641
1.0832
-0.0029
1.5654
-0.0024
0.0170
1.0711
1.0904
-0.0029
1.5654
-0.0024
0.0171
1.0781
1.0975
-0.0030
1.5653
-0.0024
0.0172
1.0851
1.1046
-0.0030
1.5653
-0.0024
0.0174
1.0921
1.1117
-0.0030
1.5653
-0.0024
0.0175
1.0991
1.1189
-0.0030
1.5652
-0.0024
0.0176
1.1061
1.1260
-0.0030
1.5652
-0.0025
0.0177
1.1131
1.1331
-0.0031
1.5652
-0.0025
0.0178
1.1201
1.1402
-0.0031
1.5651
-0.0025
0.0180
1.1271
1.1474
-0.0031
1.5651
-0.0025
0.0181
1.1341
1.1545
-0.0031
1.5651
-0.0025
0.0182
1.1411
1.1616
-0.0031
1.5650
-0.0025
0.0183
1.1481
1.1687
-0.0032
1.5650
-0.0026
0.0185
1.1551
1.1758
-0.0032
1.5649
-0.0026
0.0186
1.1621
1.1830
-0.0032
1.5649
-0.0026
0.0187
1.1691
1.1901
-0.0032
1.5649
-0.0026
0.0188
1.1761
1.1972
-0.0032
1.5648
-0.0026
0.0190
1.1831
1.2043
-0.0033
1.5648
-0.0026
0.0191
1.1901
1.2114
-0.0033
1.5648
-0.0027
0.0193
1.1971
1.2185
-0.0033
1.5647
-0.0027
0.0194
1.2040
1.2257
-0.0033
1.5647
-0.0027
0.0196
1.2110
1.2328
-0.0033
1.5647
-0.0027
0.0197
1.2180
1.2399
-0.0033
1.5646
-0.0027
0.0199
1.2250
1.2470
-0.0034
1.5646
-0.0027
0.0200
1.2320
1.2541
-0.0034
1.5646
-0.0027
0.0202
1.2390
1.2612
-0.0034
1.5645
-0.0028
0.0204
1.2460
1.2683
-0.0034
1.5645
-0.0028
0.0206
1.2530
1.2754
-0.0034
1.5644
-0.0028
0.0208
1.2600
1.2825
-0.0035
1.5644
-0.0028
0.0210
1.2670
1.2896
-0.0035
1.5644
-0.0028
0.0212
1.2740
1.2967
-0.0035
1.5643
-0.0028
0.0214
1.2809
1.3038
-0.0035
1.5643
-0.0028
0.0216
1.2879
1.3108
-0.0035
1.5643
-0.0029
0.0219
1.2949
1.3179
-0.0036
1.5642
-0.0029
0.0221
1.3019
1.3250
-0.0036
1.5642
-0.0029
0.0224
1.3089
1.3321
-0.0036
1.5642
-0.0029
0.0227
1.3158
1.3391
-0.0036
1.5641
-0.0029
0.0230
1.3228
1.3462
-0.0036
1.5641
-0.0029
0.0233
1.3298
1.3532
-0.0036
1.5640
-0.0030
0.0236
1.3368
1.3603
-0.0037
1.5640
-0.0030
0.0239
1.3437
1.3673
-0.0037
1.5640
-0.0030
0.0243
1.3507
1.3743
-0.0037
1.5639
-0.0030
0.0247
1.3577
1.3814
-0.0037
1.5639
-0.0030
0.0251
1.3646
1.3884
-0.0037
1.5639
-0.0030
0.0255
1.3716
1.3954
-0.0038
1.5638
-0.0030
0.0260
1.3785
1.4024
-0.0038
1.5638
-0.0031
0.0264
1.3855
1.4094
-0.0038
1.5638
-0.0031
0.0269
1.3924
1.4163
-0.0038
1.5637
-0.0031
0.0275
1.3994
1.4233
-0.0038
1.5637
-0.0031
0.0280
1.4063
1.4303
-0.0038
1.5636
-0.0031
0.0286
1.4132
1.4372
-0.0039
1.5636
-0.0031
0.0293
1.4202
1.4441
-0.0039
1.5636
-0.0031
0.0299
1.4271
1.4510
-0.0039
1.5635
-0.0031
0.0306
1.4340
1.4579
-0.0039
1.5635
-0.0032
0.0313
1.4409
1.4648
-0.0039
1.5635
-0.0032
0.0321
1.4478
1.4717
-0.0039
1.5634
-0.0032
0.0329
1.4547
1.4785
-0.0040
1.5634
-0.0032
0.0338
1.4616
1.4854
-0.0040
1.5633
-0.0032
0.0347
1.4685
1.4922
-0.0040
1.5633
-0.0032
0.0356
1.4754
1.4990
-0.0040
1.5633
-0.0032
0.0366
1.4823
1.5058
-0.0040
1.5632
-0.0032
0.0377
1.4891
1.5126
-0.0040
1.5632
-0.0032
0.0388
1.4960
1.5193
-0.0041
1.5631
-0.0033
0.0399
1.5029
1.5260
-0.0041
1.5631
-0.0033
0.0411
1.5097
1.5327
-0.0041
1.5631
-0.0033
0.0424
1.5166
1.5394
-0.0041
1.5630
-0.0033
0.0437
1.5234
1.5461
-0.0041
1.5630
-0.0033
0.0451
1.5302
1.5527
-0.0041
1.5629
-0.0033
0.0465
1.5370
1.5593
-0.0041
1.5629
-0.0033
0.0481
1.5438
1.5659
-0.0042
1.5628
-0.0033
0.0496
1.5506
1.5725
-0.0042
1.5628
-0.0033
0.0513
1.5574
1.5790
-0.0042
1.5628
-0.0033
0.0530
1.5642
1.5855
-0.0042
1.5627
-0.0033
0.0547
1.5710
1.5920
-0.0042
1.5627
-0.0033
0.0566
1.5777
1.5985
-0.0042
1.5626
-0.0034
0.0585
1.5845
1.6049
-0.0042
1.5626
-0.0034
0.0605
1.5912
1.6113
-0.0042
1.5625
-0.0034
0.0625
1.5979
1.6177
-0.0043
1.5625
-0.0034
0.0647
1.6046
1.6240
-0.0043
1.5625
-0.0034
0.0669
1.6114
1.6303
-0.0043
1.5624
-0.0034
0.0692
1.6181
1.6366
-0.0043
1.5624
-0.0034
0.0715
1.6247
1.6429
-0.0043
1.5623
-0.0034
0.0740
1.6314
1.6491
-0.0043
1.5623
-0.0034
0.0765
1.6381
1.6553
-0.0043
1.5622
-0.0034
0.0791
1.6447
1.6615
-0.0043
1.5622
-0.0034
0.0818
1.6514
1.6676
-0.0043
1.5621
-0.0034
0.0845
1.6580
1.6737
-0.0043
1.5621
-0.0034
0.0874
1.6646
1.6798
-0.0043
1.5620
-0.0034
0.0903
1.6712
1.6858
-0.0043
1.5620
-0.0034
0.0933
1.6778
1.6918
-0.0044
1.5619
-0.0034
0.0964
1.6844
1.6978
-0.0044
1.5619
-0.0034
0.0996
1.6910
1.7038
-0.0044
1.5618
-0.0034
0.1028
1.6975
1.7097
-0.0044
1.5618
-0.0034
0.1061
1.7041
1.7156
-0.0044
1.5617
-0.0034
0.1095
1.7106
1.7214
-0.0044
1.5617
-0.0034
0.1130
1.7172
1.7273
-0.0044
1.5616
-0.0034
0.1166
1.7237
1.7330
-0.0044
1.5616
-0.0034
0.1202
1.7302
1.7388
-0.0044
1.5615
-0.0034
0.1239
1.7367
1.7445
-0.0044
1.5615
-0.0034
0.1277
1.7432
1.7503
-0.0044
1.5614
-0.0034
0.1316
1.7496
1.7559
-0.0044
1.5614
-0.0034
0.1356
1.7561
1.7616
-0.0044
1.5613
-0.0034
0.1396
1.7626
1.7672
-0.0044
1.5613
-0.0034
0.1437
1.7690
1.7728
-0.0044
1.5612
-0.0033
0.1479
1.7754
1.7783
-0.0044
1.5611
-0.0033
0.1521
1.7819
1.7839
-0.0044
1.5611
-0.0033
0.1564
1.7883
1.7894
-0.0044
1.5610
-0.0033
0.1608
1.7947
1.7949
-0.0044
1.5610
-0.0033
0.1652
1.8011
1.8003
-0.0044
1.5609
-0.0033
0.1697
1.8075
1.8057
-0.0044
1.5609
-0.0033
0.1743
1.8138
1.8111
-0.0044
1.5608
-0.0033
0.1790
1.8202
1.8165
-0.0044
1.5607
-0.0033
0.1837
1.8266
1.8219
-0.0044
1.5607
-0.0033
0.1884
1.8329
1.8272
-0.0044
1.5606
-0.0033
0.1933
1.8392
1.8325
-0.0044
1.5606
-0.0033
0.1981
1.8456
1.8378
-0.0044
1.5605
-0.0032
0.2031
1.8519
1.8431
-0.0044
1.5605
-0.0032
0.2081
1.8582
1.8483
-0.0044
1.5604
-0.0032
0.2131
1.8645
1.8535
-0.0044
1.5603
-0.0032
0.2182
1.8708
1.8587
-0.0044
1.5603
-0.0032
0.2233
1.8771
1.8639
-0.0044
1.5602
-0.0032
0.2285
1.8834
1.8691
-0.0044
1.5602
-0.0032
0.2338
1.8897
1.8742
-0.0044
1.5601
-0.0032
0.2391
1.8960
1.8794
-0.0044
1.5600
-0.0032
0.2444
1.9023
1.8845
-0.0044
1.5600
-0.0031
0.2498
1.9085
1.8896
-0.0044
1.5599
-0.0031
0.2552
1.9148
1.8947
-0.0044
1.5599
-0.0031
0.2606
1.9210
1.8997
-0.0044
1.5598
-0.0031
0.2661
1.9273
1.9048
-0.0044
1.5597
-0.0031
0.2716
1.9335
1.9098
-0.0044
1.5597
-0.0031
0.2772
1.9398
1.9148
-0.0044
1.5596
-0.0031
0.2828
1.9460
1.9198
-0.0044
1.5595
-0.0030
0.2884
1.9522
1.9248
-0.0044
1.5595
-0.0030
0.2940
1.9585
1.9298
-0.0044
1.5594
-0.0030
0.2997
1.9647
1.9348
-0.0044
1.5594
-0.0030
0.3054
1.9709
1.9398
-0.0044
1.5593
-0.0030
0.3112
1.9771
1.9447
-0.0044
1.5592
-0.0030
0.3169
1.9833
1.9497
-0.0044
1.5592
-0.0030
0.3227
1.9895
1.9546
-0.0044
1.5591
-0.0029
0.3285
1.9957
1.9595
-0.0043
1.5590
-0.0029
0.3344
2.0019
1.9645
-0.0043
1.5590
-0.0029
0.3402
2.0081
1.9694
-0.0043
1.5589
-0.0029
0.3461
2.0143
1.9743
-0.0043
1.5589
-0.0029
0.3520
2.0205
1.9792
-0.0043
1.5588
-0.0029
0.3579
2.0267
1.9840
-0.0043
1.5587
-0.0028
0.3638
2.0329
1.9889
-0.0043
1.5587
-0.0028
0.3697
2.0391
1.9938
-0.0043
1.5586
-0.0028
0.3757
2.0452
1.9987
-0.0043
1.5585
-0.0028
0.3817
2.0514
2.0035
-0.0043
1.5585
-0.0028
0.3876
2.0576
2.0084
-0.0043
1.5584
-0.0028
0.3936
2.0638
2.0132
-0.0043
1.5583
-0.0028
0.3996
2.0699
2.0181
-0.0043
1.5583
-0.0027
0.4057
2.0761
2.0229
-0.0043
1.5582
-0.0027
0.4117
2.0823
2.0277
-0.0043
1.5582
-0.0027
0.4177
2.0884
2.0325
-0.0043
1.5581
-0.0027
0.4238
2.0946
2.0374
-0.0043
1.5580
-0.0027
0.4298
2.1008
2.0422
-0.0043
1.5580
-0.0027
0.4359
2.1069
2.0470
-0.0043
1.5579
-0.0027
0.4419
2.1131
2.0518
-0.0043
1.5578
-0.0026
0.4480
2.1192
2.0566
-0.0043
1.5578
-0.0026
0.4541
2.1254
2.0614
-0.0043
1.5577
-0.0026
0.4601
2.1315
2.0661
-0.0043
1.5577
-0.0026
0.4662
2.1376
2.0709
-0.0043
1.5576
-0.0026
0.4723
2.1438
2.0757
-0.0043
1.5575
-0.0026
0.4784
2.1499
2.0804
-0.0043
1.5575
-0.0026
0.4845
2.1560
2.0852
-0.0043
1.5574
-0.0026
0.4906
2.1622
2.0899
-0.0043
1.5574
-0.0026
0.4967
2.1683
2.0947
-0.0044
1.5573
-0.0026
0.5028
2.1744
2.0994
-0.0044
1.5572
-0.0026
0.5089
2.1805
2.1041
-0.0044
1.5572
-0.0026
0.5150
2.1866
2.1088
-0.0044
1.5571
-0.0026
0.5210
2.1927
2.1135
-0.0044
1.5571
-0.0026
0.5271
2.1988
2.1182
-0.0045
1.5570
-0.0026
0.5332
2.2049
2.1229
-0.0045
1.5570
-0.0026
0.5393
2.2110
2.1275
-0.0045
1.5569
-0.0026
0.5454
2.2171
2.1322
-0.0046
1.5569
-0.0026
0.5514
2.2231
2.1368
-0.0046
1.5568
-0.0026
0.5575
2.2292
2.1414
-0.0047
1.5568
-0.0027
0.5635
2.2352
2.1460
-0.0047
1.5567
-0.0027
0.5696
2.2412
2.1505
-0.0048
1.5567
-0.0027
0.5756
2.2473
2.1551
-0.0049
1.5566
-0.0027
0.5816
2.2533
2.1596
-0.0049
1.5566
-0.0028
0.5876
2.2593
2.1641
-0.0050
1.5566
-0.0028
0.5936
2.2652
2.1685
-0.0051
1.5565
-0.0029
0.5996
2.2712
2.1730
-0.0052
1.5565
-0.0029
0.6056
2.2771
2.1774
-0.0053
1.5565
-0.0030
0.6116
2.2831
2.1818
-0.0054
1.5564
-0.0030
0.6175
2.2890
2.1861
-0.0056
1.5564
-0.0031
0.6234
2.2948
2.1904
-0.0057
1.5564
-0.0032
0.6293
2.3007
2.1946
-0.0058
1.5564
-0.0033
0.6352
2.3066
2.1989
-0.0060
1.5564
-0.0034
0.6411
2.3124
2.2030
-0.0062
1.5564
-0.0035
0.6469
2.3182
2.2072
-0.0064
1.5564
-0.0036
0.6527
2.3239
2.2112
-0.0066
1.5564
-0.0037
0.6585
2.3297
2.2153
-0.0068
1.5564
-0.0039
0.6643
2.3354
2.2192
-0.0070
1.5564
-0.0040
0.6700
2.3410
2.2231
-0.0073
1.5564
-0.0042
0.6757
2.3467
2.2270
-0.0076
1.5564
-0.0043
0.6813
2.3523
2.2308
-0.0079
1.5564
-0.0045
0.6870
2.3579
2.2345
-0.0082
1.5565
-0.0047
0.6926
2.3634
2.2381
-0.0085
1.5565
-0.0049
0.6981
2.3689
2.2417
-0.0088
1.5566
-0.0051
0.7037
2.3743
2.2452
-0.0092
1.5566
-0.0054
0.7091
2.3797
2.2486
-0.0096
1.5567
-0.0056
0.7146
2.3851
2.2519
-0.0100
1.5567
-0.0059
0.7200
2.3904
2.2552
-0.0105
1.5568
-0.0062
0.7253
2.3957
2.2583
-0.0110
1.5569
-0.0065
0.7306
2.4009
2.2614
-0.0115
1.5570
-0.0068
0.7359
2.4060
2.2644
-0.0120
1.5571
-0.0072
0.7411
2.4111
2.2672
-0.0126
1.5572
-0.0075
0.7462
2.4162
2.2700
-0.0132
1.5573
-0.0079
0.7513
2.4212
2.2726
-0.0138
1.5575
-0.0083
0.7564
2.4261
2.2752
-0.0144
1.5576
-0.0088
0.7613
2.4309
2.2776
-0.0151
1.5578
-0.0092
0.7663
2.4357
2.2799
-0.0159
1.5579
-0.0097
0.7711
2.4405
2.2821
-0.0166
1.5581
-0.0102
0.7759
2.4451
2.2842
-0.0174
1.5583
-0.0107
0.7807
2.4497
2.2861
-0.0183
1.5585
-0.0112
0.7853
2.4543
2.2879
-0.0191
1.5587
-0.0118
0.7899
2.4587
2.2896
-0.0200
1.5589
-0.0124
0.7945
2.4631
2.2912
-0.0210
1.5591
-0.0130
0.7989
2.4674
2.2926
-0.0220
1.5594
-0.0137
0.8033
2.4717
2.2938
-0.0230
1.5596
-0.0144
0.8077
2.4758
2.2950
-0.0241
1.5599
-0.0151
0.8119
2.4799
2.2960
-0.0252
1.5602
-0.0158
0.8161
2.4839
2.2968
-0.0264
1.5605
-0.0166
0.8202
2.4878
2.2975
-0.0276
1.5608
-0.0174
0.8242
2.4916
2.2980
-0.0288
1.5611
-0.0182
0.8282
2.4954
2.2984
-0.0301
1.5615
-0.0191
0.8320
2.4991
2.2987
-0.0315
1.5618
-0.0200
0.8358
2.5027
2.2988
-0.0328
1.5622
-0.0209
0.8396
2.5062
2.2987
-0.0343
1.5626
-0.0218
0.8432
2.5096
2.2985
-0.0357
1.5630
-0.0228
0.8468
2.5129
2.2981
-0.0373
1.5634
-0.0238
0.8502
2.5162
2.2976
-0.0388
1.5638
-0.0248
0.8536
2.5193
2.2969
-0.0404
1.5642
-0.0259
0.8570
2.5224
2.2960
-0.0421
1.5647
-0.0270
0.8602
2.5254
2.2950
-0.0438
1.5652
-0.0281
0.8634
2.5283
2.2938
-0.0456
1.5656
-0.0293
0.8665
2.5311
2.2925
-0.0474
1.5661
-0.0305
0.8695
2.5338
2.2910
-0.0492
1.5666
-0.0317
0.8724
2.5365
2.2894
-0.0511
1.5672
-0.0330
0.8752
2.5390
2.2876
-0.0530
1.5677
-0.0343
0.8780
2.5415
2.2857
-0.0550
1.5683
-0.0356
0.8807
2.5439
2.2836
-0.0571
1.5688
-0.0369
0.8833
2.5462
2.2813
-0.0591
1.5694
-0.0383
0.8858
2.5484
2.2789
-0.0613
1.5700
-0.0397
0.8883
2.5506
2.2764
-0.0634
1.5706
-0.0412
0.8907
2.5527
2.2737
-0.0656
1.5712
-0.0426
0.8930
2.5547
2.2708
-0.0679
1.5719
-0.0441
0.8952
2.5566
2.2679
-0.0702
1.5725
-0.0457
0.8974
2.5584
2.2647
-0.0725
1.5732
-0.0472
0.8995
2.5601
2.2615
-0.0749
1.5739
-0.0488
0.9015
2.5618
2.2581
-0.0773
1.5745
-0.0504
0.9035
2.5634
2.2545
-0.0797
1.5752
-0.0521
0.9054
2.5650
2.2509
-0.0822
1.5760
-0.0537
0.9072
2.5664
2.2471
-0.0848
1.5767
-0.0554
0.9090
2.5678
2.2432
-0.0873
1.5774
-0.0571
0.9107
2.5692
2.2391
-0.0899
1.5782
-0.0588
0.9123
2.5704
2.2349
-0.0926
1.5789
-0.0606
0.9139
2.5716
2.2307
-0.0953
1.5797
-0.0624
0.9154
2.5728
2.2263
-0.0980
1.5805
-0.0642
0.9169
2.5739
2.2218
-0.1007
1.5813
-0.0660
0.9183
2.5749
2.2171
-0.1035
1.5821
-0.0679
0.9197
2.5758
2.2124
-0.1063
1.5829
-0.0698
0.9210
2.5767
2.2076
-0.1091
1.5837
-0.0716
0.9222
2.5776
2.2027
-0.1120
1.5845
-0.0736
0.9235
2.5784
2.1976
-0.1149
1.5853
-0.0755
0.9246
2.5791
2.1925
-0.1178
1.5862
-0.0774
0.9257
2.5798
2.1873
-0.1208
1.5870
-0.0794
0.9268
2.5805
2.1820
-0.1238
1.5879
-0.0814
0.9278
2.5811
2.1766
-0.1268
1.5888
-0.0834
0.9288
2.5816
2.1712
-0.1298
1.5897
-0.0854
0.9298
2.5821
2.1656
-0.1328
1.5905
-0.0874
0.9307
2.5826
2.1600
-0.1359
1.5914
-0.0895
0.9315
2.5830
2.1543
-0.1390
1.5923
-0.0916
0.9324
2.5834
2.1485
-0.1421
1.5932
-0.0936
0.9332
2.5838
2.1427
-0.1452
1.5941
-0.0957
0.9339
2.5841
2.1368
-0.1484
1.5951
-0.0978
0.9347
2.5844
2.1309
-0.1516
1.5960
-0.0999
0.9354
2.5846
2.1249
-0.1548
1.5969
-0.1021
0.9360
2.5849
2.1188
-0.1580
1.5978
-0.1042
0.9367
2.5851
2.1127
-0.1612
1.5988
-0.1064
0.9373
2.5852
2.1065
-0.1644
1.5997
-0.1085
0.9379
2.5854
2.1002
-0.1677
1.6007
-0.1107
0.9385
2.5855
2.0940
-0.1709
1.6016
-0.1129
0.9390
2.5856
2.0877
-0.1742
1.6026
-0.1151
0.9396
2.5856
2.0813
-0.1775
1.6035
-0.1173
0.9401
2.5857
2.0749
-0.1808
1.6045
-0.1195
0.9406
2.5857
2.0684
-0.1841
1.6055
-0.1217
0.9410
2.5857
2.0620
-0.1875
1.6064
-0.1239
0.9415
2.5857
2.0554
-0.1908
1.6074
-0.1261
0.9419
2.5856
2.0489
-0.1941
1.6084
-0.1284
0.9423
2.5856
2.0423
-0.1975
1.6094
-0.1306
0.9427
2.5855
2.0357
-0.2009
1.6103
-0.1329
0.9431
2.5854
2.0291
-0.2042
1.6113
-0.1351
0.9435
2.5853
2.0224
-0.2076
1.6123
-0.1374
0.9439
2.5852
2.0157
-0.2110
1.6133
-0.1396
0.9442
2.5851
2.0090
-0.2144
1.6143
-0.1419
0.9446
2.5849
2.0023
-0.2178
1.6153
-0.1442
0.9449
2.5848
1.9955
-0.2212
1.6163
-0.1464
0.9452
2.5846
1.9887
-0.2246
1.6173
-0.1487
0.9455
2.5845
1.9820
-0.2280
1.6183
-0.1510
0.9458
2.5843
1.9751
-0.2315
1.6193
-0.1533
0.9461
2.5841
1.9683
-0.2349
1.6203
-0.1556
0.9464
2.5839
1.9615
-0.2383
1.6213
-0.1579
0.9467
2.5837
1.9546
-0.2418
1.6223
-0.1602
0.9470
2.5835
1.9478
-0.2452
1.6233
-0.1625
0.9472
2.5833
1.9409
-0.2486
1.6243
-0.1648
0.9475
2.5830
1.9340
-0.2521
1.6253
-0.1671
0.9477
2.5828
1.9271
-0.2555
1.6263
-0.1694
0.9480
2.5826
1.9202
-0.2590
1.6273
-0.1717
0.9482
2.5823
1.9132
-0.2625
1.6283
-0.1740
0.9485
2.5821
1.9063
-0.2659
1.6294
-0.1763
0.9487
2.5818
1.8994
-0.2694
1.6304
-0.1786
0.9489
2.5816
1.8924
-0.2728
1.6314
-0.1809
0.9492
2.5813
1.8855
-0.2763
1.6324
-0.1832
0.9494
2.5810
1.8785
-0.2798
1.6334
-0.1856
0.9496
2.5808
1.8715
-0.2832
1.6344
-0.1879
0.9498
2.5805
1.8646
-0.2867
1.6354
-0.1902
0.9501
2.5802
1.8576
-0.2902
1.6365
-0.1925
0.9503
2.5800
1.8506
-0.2937
1.6375
-0.1948
0.9505
2.5797
1.8436
-0.2971
1.6385
-0.1971
0.9507
2.5794
1.8366
-0.3006
1.6395
-0.1995
0.9509
2.5791
1.8296
-0.3041
1.6405
-0.2018
0.9511
2.5788
1.8226
-0.3076
1.6415
-0.2041
0.9513
2.5786
1.8156
-0.3111
1.6426
-0.2064
0.9515
2.5783
1.8086
-0.3145
1.6436
-0.2088
0.9517
2.5780
1.8016
-0.3180
1.6446
-0.2111
0.9519
2.5777
1.7946
-0.3215
1.6456
-0.2134
0.9521
2.5774
1.7876
-0.3250
1.6466
-0.2157
0.9523
2.5771
1.7806
-0.3285
1.6477
-0.2181
0.9525
2.5768
1.7735
-0.3320
1.6487
-0.2204
0.9527
2.5765
1.7665
-0.3355
1.6497
-0.2227
0.9529
2.5762
1.7595
-0.3389
1.6507
-0.2251
0.9531
2.5759
1.7525
-0.3424
1.6517
-0.2274
0.9533
2.5756
1.7455
-0.3459
1.6528
-0.2297
0.9535
2.5753
1.7384
-0.3494
1.6538
-0.2320
0.9537
2.5750
1.7314
-0.3529
1.6548
-0.2344
0.9539
2.5747
1.7244
-0.3564
1.6558
-0.2367
0.9541
2.5744
1.7173
-0.3599
1.6568
-0.2390
0.9543
2.5741
1.7103
-0.3634
1.6579
-0.2414
0.9545
2.5738
1.7033
-0.3668
1.6589
-0.2437
0.9546
2.5735
1.6963
-0.3703
1.6599
-0.2460
0.9548
2.5732
1.6892
-0.3738
1.6609
-0.2484
0.9550
2.5729
1.6822
-0.3773
1.6619
-0.2507
0.9552
2.5726
1.6752
-0.3808
1.6630
-0.2530
0.9554
2.5723
1.6681
-0.3843
1.6640
-0.2553
0.9556
2.5720
1.6611
-0.3878
1.6650
-0.2577
0.9558
2.5717
1.6541
-0.3913
1.6660
-0.2600
0.9560
2.5714
1.6470
-0.3948
1.6670
-0.2623
0.9562
2.5711
1.6400
-0.3983
1.6681
-0.2647
0.9563
2.5708
1.6330
-0.4017
1.6691
-0.2670
0.9565
2.5705
1.6259
-0.4052
1.6701
-0.2693
0.9567
2.5702
1.6189
-0.4087
1.6711
-0.2717
0.9569
2.5699
1.6119
-0.4122
1.6721
-0.2740
0.9571
2.5696
1.6048
-0.4157
1.6732
-0.2763
0.9573
2.5693
1.5978
-0.4192
1.6742
-0.2787
0.9575
2.5690
1.5907
-0.4227
1.6752
-0.2810
0.9577
2.5687
1.5837
-0.4262
1.6762
-0.2833
0.9579
2.5684
1.5767
-0.4297
1.6773
-0.2856
0.9580
2.5681
1.5696
-0.4332
1.6783
-0.2880
0.9582
2.5678
1.5626
-0.4367
1.6793
-0.2903
0.9584
2.5675
1.5556
-0.4401
1.6803
-0.2926
0.9586
2.5672
1.5485
-0.4436
1.6813
-0.2950
0.9588
2.5669
1.5415
-0.4471
1.6824
-0.2973
0.9590
2.5666
1.5344
-0.4506
1.6834
-0.2996
0.9592
2.5663
1.5274
-0.4541
1.6844
-0.3020
0.9594
2.5660
1.5204
-0.4576
1.6854
-0.3043
0.9595
2.5657
1.5133
-0.4611
1.6864
-0.3066
0.9597
2.5654
1.5063
-0.4646
1.6875
-0.3090
0.9599
2.5650
1.4993
-0.4681
1.6885
-0.3113
0.9601
2.5647
1.4922
-0.4716
1.6895
-0.3136
0.9603
2.5644
1.4852
-0.4751
1.6905
-0.3160
0.9605
2.5641
1.4781
-0.4785
1.6916
-0.3183
0.9607
2.5638
1.4711
-0.4820
1.6926
-0.3206
0.9609
2.5635
1.4641
-0.4855
1.6936
-0.3229
0.9610
2.5632
1.4570
-0.4890
1.6946
-0.3253
0.9612
2.5629
1.4500
-0.4925
1.6956
-0.3276
0.9614
2.5626
1.4430
-0.4960
1.6967
-0.3299
0.9616
2.5623
1.4359
-0.4995
1.6977
-0.3323
0.9618
2.5620
1.4289
-0.5030
1.6987
-0.3346
0.9620
2.5617
1.4218
-0.5065
1.6997
-0.3369
0.9622
2.5614
1.4148
-0.5100
1.7007
-0.3393
0.9623
2.5611
1.4078
-0.5135
1.7018
-0.3416
0.9625
2.5608
1.4007
-0.5170
1.7028
-0.3439
0.9627
2.5605
1.3937
-0.5204
1.7038
-0.3463
0.9629
2.5602
1.3867
-0.5239
1.7048
-0.3486
0.9631
2.5599
1.3796
-0.5274
1.7059
-0.3509
0.9633
2.5596
1.3726
-0.5309
1.7069
-0.3533
0.9635
2.5593
1.3655
-0.5344
1.7079
-0.3556
0.9637
2.5590
1.3585
-0.5379
1.7089
-0.3579
0.9638
2.5587
1.3515
-0.5414
1.7099
-0.3602
0.9640
2.5584
1.3444
-0.5449
1.7110
-0.3626
0.9642
2.5580
1.3374
-0.5484
1.7120
-0.3649
0.9644
2.5577
1.3304
-0.5519
1.7130
-0.3672
0.9646
2.5574
1.3233
-0.5554
1.7140
-0.3696
0.9648
2.5571
1.3163
-0.5588
1.7150
-0.3719
0.9650
2.5568
1.3092
-0.5623
1.7161
-0.3742
0.9652
2.5565
1.3022
-0.5658
1.7171
-0.3766
0.9653
2.5562
1.2952
-0.5693
1.7181
-0.3789
0.9655
2.5559
1.2881
-0.5728
1.7191
-0.3812
0.9657
2.5556
1.2811
-0.5763
1.7202
-0.3836
0.9659
2.5553
1.2741
-0.5798
1.7212
-0.3859
0.9661
2.5550
1.2670
-0.5833
1.7222
-0.3882
0.9663
2.5547
1.2600
-0.5868
1.7232
-0.3906
0.9665
2.5544
1.2529
-0.5903
1.7242
-0.3929
0.9667
2.5541
1.2459
-0.5938
1.7253
-0.3952
0.9668
2.5538
1.2389
-0.5973
1.7263
-0.3976
0.9670
2.5535
1.2318
-0.6007
1.7273
-0.3999
0.9672
2.5532
1.2248
-0.6042
1.7283
-0.4022
0.9674
2.5529
1.2178
-0.6077
1.7293
-0.4045
0.9676
2.5526
1.2107
-0.6112
1.7304
-0.4069
0.9678
2.5523
1.2037
-0.6147
1.7314
-0.4092
0.9680
2.5520
1.1966
-0.6182
1.7324
-0.4115
0.9681
2.5517
1.1896
-0.6217
1.7334
-0.4139
0.9683
2.5514
1.1826
-0.6252
1.7345
-0.4162
0.9685
2.5510
1.1755
-0.6287
1.7355
-0.4185
0.9687
2.5507
1.1685
-0.6322
1.7365
-0.4209
0.9689
2.5504
1.1615
-0.6357
1.7375
-0.4232
0.9691
2.5501
1.1544
-0.6391
1.7385
-0.4255
0.9693
2.5498
1.1474
-0.6426
1.7396
-0.4279
0.9695
2.5495
1.1403
-0.6461
1.7406
-0.4302
0.9696
2.5492
1.1333
-0.6496
1.7416
-0.4325
0.9698
2.5489
1.1263
-0.6531
1.7426
-0.4349
0.9700
2.5486
1.1192
-0.6566
1.7436
-0.4372
0.9702
2.5483
1.1122
-0.6601
1.7447
-0.4395
0.9704
2.5480
1.1051
-0.6636
1.7457
-0.4419
0.9706
2.5477
1.0981
-0.6671
1.7467
-0.4442
0.9708
2.5474
1.0911
-0.6706
1.7477
-0.4465
0.9710
2.5471
1.0840
-0.6741
1.7488
-0.4488
0.9711
2.5468
1.0770
-0.6776
1.7498
-0.4512
0.9713
2.5465
1.0700
-0.6810
1.7508
-0.4535
0.9715
2.5462
1.0629
-0.6845
1.7518
-0.4558
0.9717
2.5459
1.0559
-0.6880
1.7528
-0.4582
0.9719
2.5456
1.0488
-0.6915
1.7539
-0.4605
0.9721
2.5453
1.0418
-0.6950
1.7549
-0.4628
0.9723
2.5450
1.0348
-0.6985
1.7559
-0.4652
0.9725
2.5447
1.0277
-0.7020
1.7569
-0.4675
0.9726
2.5444
1.0207
-0.7055
1.7579
-0.4698
0.9728
2.5440
1.0137
-0.7090
1.7590
-0.4722
0.9730
2.5437
1.0066
-0.7125
1.7600
-0.4745
0.9732
2.5434
0.9996
-0.7160
1.7610
-0.4768
0.9734
2.5431
0.9925
-0.7194
1.7620
-0.4792
0.9736
2.5428
0.9855
-0.7229
1.7631
-0.4815
0.9738
2.5425
0.9785
-0.7264
1.7641
-0.4838
0.9740
2.5422
0.9714
-0.7299
1.7651
-0.4861
0.9741
2.5419
0.9644
-0.7334
1.7661
-0.4885
0.9743
2.5416
0.9574
-0.7369
1.7671
-0.4908
0.9745
2.5413
0.9503
-0.7404
1.7682
-0.4931
0.9747
2.5410
0.9433
-0.7439
1.7692
-0.4955
0.9749
2.5407
0.9362
-0.7474
1.7702
-0.4978
0.9751
2.5404
0.9292
-0.7509
1.7712
-0.5001
0.9753
2.5401
0.9222
-0.7544
1.7722
-0.5025
0.9754
2.5398
0.9151
-0.7579
1.7733
-0.5048
0.9756
2.5395
0.9081
-0.7613
1.7743
-0.5071
0.9758
2.5392
0.9011
-0.7648
1.7753
-0.5095
0.9760
2.5389
0.8940
-0.7683
1.7763
-0.5118
0.9762
2.5386
0.8870
-0.7718
1.7774
-0.5141
0.9764
2.5383
0.8799
-0.7753
1.7784
-0.5165
0.9766
2.5380
0.8729
-0.7788
1.7794
-0.5188
0.9768
2.5377
0.8659
-0.7823
1.7804
-0.5211
0.9769
2.5374
0.8588
-0.7858
1.7814
-0.5235
0.9771
2.5370
0.8518
-0.7893
1.7825
-0.5258
0.9773
2.5367
0.8448
-0.7928
1.7835
-0.5281
0.9775
2.5364
0.8377
-0.7963
1.7845
-0.5304
0.9777
2.5361
0.8307
-0.7997
1.7855
-0.5328
0.9779
2.5358
0.8236
-0.8032
1.7865
-0.5351
0.9781
2.5355
0.8166
-0.8067
1.7876
-0.5374
0.9783
2.5352
0.8096
-0.8102
1.7886
-0.5398
0.9784
2.5349
0.8025
-0.8137
1.7896
-0.5421
0.9786
2.5346
0.7955
-0.8172
1.7906
-0.5444
0.9788
2.5343
0.7885
-0.8207
1.7917
-0.5468
0.9790
2.5340
0.7814
-0.8242
1.7927
-0.5491
0.9792
2.5337
0.7744
-0.8277
1.7937
-0.5514
0.9794
2.5334
0.7673
-0.8312
1.7947
-0.5538
0.9796
2.5331
0.7603
-0.8347
1.7957
-0.5561
0.9798
2.5328
0.7533
-0.8382
1.7968
-0.5584
0.9799
2.5325
0.7462
-0.8416
1.7978
-0.5608
0.9801
2.5322
0.7392
-0.8451
1.7988
-0.5631
0.9803
2.5319
0.7321
-0.8486
1.7998
-0.5654
0.9805
2.5316
0.7251
-0.8521
1.8008
-0.5677
0.9807
2.5313
0.7181
-0.8556
1.8019
-0.5701
0.9809
2.5310
0.7110
-0.8591
1.8029
-0.5724
0.9811
2.5307
0.7040
-0.8626
1.8039
-0.5747
0.9812
2.5304
0.6970
-0.8661
1.8049
-0.5771
0.9814
2.5300
0.6899
-0.8696
1.8059
-0.5794
0.9816
2.5297
0.6829
-0.8731
1.8070
-0.5817
0.9818
2.5294
0.6758
-0.8766
1.8080
-0.5841
0.9820
2.5291
0.6688
-0.8800
1.8090
-0.5864
0.9822
2.5288
0.6618
-0.8835
1.8100
-0.5887
0.9824
2.5285
0.6547
-0.8870
1.8111
-0.5911
0.9826
2.5282
0.6477
-0.8905
1.8121
-0.5934
0.9827
2.5279
0.6407
-0.8940
1.8131
-0.5957
0.9829
2.5276
0.6336
-0.8975
1.8141
-0.5981
0.9831
2.5273
0.6266
-0.9010
1.8151
-0.6004
0.9833
2.5270
0.6195
-0.9045
1.8162
-0.6027
0.9835
2.5267
0.6125
-0.9080
1.8172
-0.6051
0.9837
2.5264
0.6055
-0.9115
1.8182
-0.6074
0.9839
2.5261
0.5984
-0.9150
1.8192
-0.6097
0.9841
2.5258
0.5914
-0.9185
1.8202
-0.6120
0.9842
2.5255
0.5844
-0.9219
1.8213
-0.6144
0.9844
2.5252
0.5773
-0.9254
1.8223
-0.6167
0.9846
2.5249
0.5703
-0.9289
1.8233
-0.6190
0.9848
2.5246
0.5632
-0.9324
1.8243
-0.6214
0.9850
2.5243
0.5562
-0.9359
1.8254
-0.6237
0.9852
2.5240
0.5492
-0.9394
1.8264
-0.6260
0.9854
2.5237
0.5421
-0.9429
1.8274
-0.6284
0.9856
2.5234
0.5351
-0.9464
1.8284
-0.6307
0.9857
2.5230
0.5281
-0.9499
1.8294
-0.6330
0.9859
2.5227
0.5210
-0.9534
1.8305
-0.6354
0.9861
2.5224
0.5140
-0.9569
1.8315
-0.6377
0.9863
2.5221
0.5069
-0.9603
1.8325
-0.6400
0.9865
2.5218
0.4999
-0.9638
1.8335
-0.6424
0.9867
2.5215
0.4929
-0.9673
1.8345
-0.6447
0.9869
2.5212
0.4858
-0.9708
1.8356
-0.6470
0.9871
2.5209
0.4788
-0.9743
1.8366
-0.6493
0.9872
2.5206
0.4718
-0.9778
1.8376
-0.6517
0.9874
2.5203
0.4647
-0.9813
1.8386
-0.6540
0.9876
2.5200
0.4577
-0.9848
1.8397
-0.6563
0.9878
2.5197
0.4506
-0.9883
1.8407
-0.6587
0.9880
2.5194
0.4436
-0.9918
1.8417
-0.6610
0.9882
2.5191
0.4366
-0.9953
1.8427
-0.6633
0.9884
2.5188
0.4295
-0.9988
1.8437
-0.6657
0.9885
2.5185
0.4225
-1.0022
1.8448
-0.6680
0.9887
2.5182
0.4155
-1.0057
1.8458
-0.6703
0.9889
2.5179
0.4084
-1.0092
1.8468
-0.6727
0.9891
2.5176
0.4014
-1.0127
1.8478
-0.6750
0.9893
2.5173
0.3943
-1.0162
1.8488
-0.6773
0.9895
2.5170
0.3873
-1.0197
1.8499
-0.6797
0.9897
2.5167
0.3803
-1.0232
1.8509
-0.6820
0.9899
2.5164
0.3732
-1.0267
1.8519
-0.6843
0.9900
2.5160
0.3662
-1.0302
1.8529
-0.6867
0.9902
2.5157
0.3591
-1.0337
1.8540
-0.6890
0.9904
2.5154
0.3521
-1.0372
1.8550
-0.6913
0.9906
2.5151
0.3451
-1.0406
1.8560
-0.6936
0.9908
2.5148
0.3380
-1.0441
1.8570
-0.6960
0.9910
2.5145
0.3310
-1.0476
1.8580
-0.6983
0.9912
2.5142
0.3240
-1.0511
1.8591
-0.7006
0.9914
2.5139
0.3169
-1.0546
1.8601
-0.7030
0.9915
2.5136
0.3099
-1.0581
1.8611
-0.7053
0.9917
2.5133
0.3028
-1.0616
1.8621
-0.7076
0.9919
2.5130
0.2958
-1.0651
1.8631
-0.7100
0.9921
2.5127
0.2888
-1.0686
1.8642
-0.7123
0.9923
2.5124
0.2817
-1.0721
1.8652
-0.7146
0.9925
2.5121
0.2747
-1.0756
1.8662
-0.7170
0.9927
2.5118
0.2677
-1.0791
1.8672
-0.7193
0.9929
2.5115
0.2606
-1.0825
1.8683
-0.7216
0.9930
2.5112
0.2536
-1.0860
1.8693
-0.7240
0.9932
2.5109
0.2465
-1.0895
1.8703
-0.7263
0.9934
2.5106
0.2395
-1.0930
1.8713
-0.7286
0.9936
2.5103
0.2325
-1.0965
1.8723
-0.7309
0.9938
2.5100
0.2254
-1.1000
1.8734
-0.7333
0.9940
2.5097
0.2184
-1.1035
1.8744
-0.7356
0.9942
2.5094
0.2114
-1.1070
1.8754
-0.7379
0.9943
2.5091
0.2043
-1.1105
1.8764
-0.7403
0.9945
2.5087
0.1973
-1.1140
1.8774
-0.7426
0.9947
2.5084
0.1902
-1.1175
1.8785
-0.7449
0.9949
2.5081
0.1832
-1.1209
1.8795
-0.7473
0.9951
2.5078
0.1762
-1.1244
1.8805
-0.7496
0.9953
2.5075
0.1691
-1.1279
1.8815
-0.7519
0.9955
2.5072
0.1621
-1.1314
1.8826
-0.7543
0.9957
2.5069
0.1551
-1.1349
1.8836
-0.7566
0.9958
2.5066
0.1480
-1.1384
1.8846
-0.7589
0.9960
2.5063
0.1410
-1.1419
1.8856
-0.7613
0.9962
2.5060
0.1339
-1.1454
1.8866
-0.7636
0.9964
2.5057
0.1269
-1.1489
1.8877
-0.7659
0.9966
2.5054
0.1199
-1.1524
1.8887
-0.7683
0.9968
2.5051
0.1128
-1.1559
1.8897
-0.7706
0.9970
2.5048
0.1058
-1.1594
1.8907
-0.7729
0.9972
2.5045
0.0988
-1.1628
1.8917
-0.7752
0.9973
2.5042
0.0917
-1.1663
1.8928
-0.7776
0.9975
2.5039
0.0847
-1.1698
1.8938
-0.7799
0.9977
2.5036
0.0776
-1.1733
1.8948
-0.7822
0.9979
2.5033
0.0706
-1.1768
1.8958
-0.7846
0.9981
2.5030
0.0636
-1.1803
1.8969
-0.7869
0.9983
2.5027
0.0565
-1.1838
1.8979
-0.7892
0.9985
2.5024
0.0495
-1.1873
1.8989
-0.7916
0.9987
2.5021
0.0425
-1.1908
1.8999
-0.7939
0.9988
2.5017
0.0354
-1.1943
1.9009
-0.7962
0.9990
2.5014
0.0284
-1.1978
1.9020
-0.7986
0.9992
2.5011
0.0213
-1.2012
1.9030
-0.8009
0.9994
2.5008
0.0143
-1.2047
1.9040
-0.8032
0.9996
2.5005
0.0073
-1.2082
1.9050
-0.8056
0.9998
2.5002
0.0002
-1.2117
1.9060
-0.8079
