0.1000
0.0000
0.0000
0.0000
1.5708
0.0000
0.1033
0.0063
0.0070
-0.0000
1.5708
0.0000
0.1067
0.0125
0.0140
-0.0000
1.5707
0.0000
0.1100
0.0188
0.0211
-0.0000
1.5707
0.0001
0.1133
0.0251
0.0281
-0.0000
1.5707
0.0001
0.1166
0.0314
0.0351
-0.0000
1.5707
0.0001
0.1200
0.0376
0.0421
-0.0000
1.5706
0.0001
0.1233
0.0439
0.0492
-0.0000
1.5706
0.0002
0.1266
0.0502
0.0562
-0.0000
1.5706
0.0002
0.1300
0.0565
0.0632
-0.0000
1.5706
0.0002
0.1333
0.0627
0.0702
-0.0000
1.5705
0.0002
0.1366
0.0690
0.0772
-0.0000
1.5705
0.0003
0.1399
0.0753
0.0843
-0.0000
1.5705
0.0003
0.1433
0.0815
0.0913
-0.0001
1.5705
0.0003
0.1466
0.0878
0.0983
-0.0001
1.5704
0.0003
0.1499
0.0941
0.1053
-0.0001
1.5704
0.0004
0.1533
0.1004
0.1124
-0.0001
1.5704
0.0004
0.1566
0.1066
0.1194
-0.0001
1.5704
0.0004
0.1599
0.1129
0.1264
-0.0001
1.5703
0.0004
0.1632
0.1192
0.1334
-0.0001
1.5703
0.0005
0.1666
0.1255
0.1404
-0.0001
1.5703
0.0005
0.1699
0.1317
0.1475
-0.0001
1.5703
0.0005
0.1732
0.1380
0.1545
-0.0001
1.5702
0.0005
0.1766
0.1443
0.1615
-0.0001
1.5702
0.0006
0.1799
0.1506
0.1685
-0.0001
1.5702
0.0006
0.1832
0.1568
0.1755
-0.0001
1.5702
0.0006
0.1865
0.1631
0.1826
-0.0001
1.5701
0.0006
0.1899
0.1694
0.1896
-0.0001
1.5701
0.0007
0.1932
0.1756
0.1966
-0.0001
1.5701
0.0007
0.1965
0.1819
0.2036
-0.0001
1.5701
0.0007
0.1999
0.1882
0.2107
-0.0001
1.5700
0.0007
0.2032
0.1945
0.2177
-0.0001
1.5700
0.0008
0.2065
0.2007
0.2247
-0.0001
1.5700
0.0008
0.2098
0.2070
0.2317
-0.0001
1.5700
0.0008
0.2132
0.2133
0.2387
-0.0001
1.5699
0.0008
0.2165
0.2196
0.2458
-0.0001
1.5699
0.0008
0.2198
0.2258
0.2528
-0.0001
1.5699
0.0009
0.2232
0.2321
0.2598
-0.0002
1.5699
0.0009
0.2265
0.2384
0.2668
-0.0002
1.5698
0.0009
0.2298
0.2446
0.2739
-0.0002
1.5698
0.0009
0.2331
0.2509
0.2809
-0.0002
1.5698
0.0010
0.2365
0.2572
0.2879
-0.0002
1.5697
0.0010
0.2398
0.2635
0.2949
-0.0002
1.5697
0.0010
0.2431
0.2697
0.3019
-0.0002
1.5697
0.0010
0.2465
0.2760
0.3090
-0.0002
1.5697
0.0011
0.2498
0.2823
0.3160
-0.0002
1.5696
0.0011
0.2531
0.2886
0.3230
-0.0002
1.5696
0.0011
0.2564
0.2948
0.3300
-0.0002
1.5696
0.0011
0.2598
0.3011
0.3371
-0.0002
1.5696
0.0012
0.2631
0.3074
0.3441
-0.0002
1.5695
0.0012
0.2664
0.3136
0.3511
-0.0002
1.5695
0.0012
0.2698
0.3199
0.3581
-0.0002
1.5695
0.0012
0.2731
0.3262
0.3651
-0.0002
1.5695
0.0013
0.2764
0.3325
0.3722
-0.0002
1.5694
0.0013
0.2797
0.3387
0.3792
-0.0002
1.5694
0.0013
0.2831
0.3450
0.3862
-0.0002
1.5694
0.0013
0.2864
0.3513
0.3932
-0.0002
1.5694
0.0014
0.2897
0.3576
0.4003
-0.0002
1.5693
0.0014
0.2931
0.3638
0.4073
-0.0002
1.5693
0.0014
0.2964
0.3701
0.4143
-0.0002
1.5693
0.0014
0.2997
0.3764
0.4213
-0.0002
1.5693
0.0015
0.3030
0.3827
0.4283
-0.0003
1.5692
0.0015
0.3064
0.3889
0.4354
-0.0003
1.5692
0.0015
0.3097
0.3952
0.4424
-0.0003
1.5692
0.0015
0.3130
0.4015
0.4494
-0.0003
1.5692
0.0016
0.3164
0.4077
0.4564
-0.0003
1.5691
0.0016
0.3197
0.4140
0.4634
-0.0003
1.5691
0.0016
0.3230
0.4203
0.4705
-0.0003
1.5691
0.0016
0.3263
0.4266
0.4775
-0.0003
1.5691
0.0017
0.3297
0.4328
0.4845
-0.0003
1.5690
0.0017
0.3330
0.4391
0.4915
-0.0003
1.5690
0.0017
0.3363
0.4454
0.4986
-0.0003
1.5690
0.0017
0.3397
0.4517
0.5056
-0.0003
1.5690
0.0017
0.3430
0.4579
0.5126
-0.0003
1.5689
0.0018
0.3463
0.4642
0.5196
-0.0003
1.5689
0.0018
0.3496
0.4705
0.5266
-0.0003
1.5689
0.0018
0.3530
0.4767
0.5337
-0.0003
1.5689
0.0018
0.3563
0.4830
0.5407
-0.0003
1.5688
0.0019
0.3596
0.4893
0.5477
-0.0003
1.5688
0.0019
0.3630
0.4956
0.5547
-0.0003
1.5688
0.0019
0.3663
0.5018
0.5618
-0.0003
1.5688
0.0019
0.3696
0.5081
0.5688
-0.0003
1.5687
0.0020
0.3729
0.5144
0.5758
-0.0003
1.5687
0.0020
0.3763
0.5207
0.5828
-0.0003
1.5687
0.0020
0.3796
0.5269
0.5898
-0.0003
1.5686
0.0020
0.3829
0.5332
0.5969
-0.0004
1.5686
0.0021
0.3863
0.5395
0.6039
-0.0004
1.5686
0.0021
0.3896
0.5458
0.6109
-0.0004
1.5686
0.0021
0.3929
0.5520
0.6179
-0.0004
1.5685
0.0021
0.3962
0.5583
0.6250
-0.0004
1.5685
0.0022
0.3996
0.5646
0.6320
-0.0004
1.5685
0.0022
0.4029
0.5708
0.6390
-0.0004
1.5685
0.0022
0.4062
0.5771
0.6460
-0.0004
1.5684
0.0022
0.4096
0.5834
0.6530
-0.0004
1.5684
0.0023
0.4129
0.5897
0.6601
-0.0004
1.5684
0.0023
0.4162
0.5959
0.6671
-0.0004
1.5684
0.0023
0.4195
0.6022
0.6741
-0.0004
1.5683
0.0023
0.4229
0.6085
0.6811
-0.0004
1.5683
0.0024
0.4262
0.6148
0.6881
-0.0004
1.5683
0.0024
0.4295
0.6210
0.6952
-0.0004
1.5683
0.0024
0.4329
0.6273
0.7022
-0.0004
1.5682
0.0024
0.4362
0.6336
0.7092
-0.0004
1.5682
0.0025
0.4395
0.6398
0.7162
-0.0004
1.5682
0.0025
0.4428
0.6461
0.7233
-0.0004
1.5682
0.0025
0.4462
0.6524
0.7303
-0.0004
1.5681
0.0025
0.4495
0.6587
0.7373
-0.0004
1.5681
0.0025
0.4528
0.6649
0.7443
-0.0004
1.5681
0.0026
0.4562
0.6712
0.7513
-0.0004
1.5681
0.0026
0.4595
0.6775
0.7584
-0.0004
1.5680
0.0026
0.4628
0.6838
0.7654
-0.0004
1.5680
0.0026
0.4661
0.6900
0.7724
-0.0005
1.5680
0.0027
0.4695
0.6963
0.7794
-0.0005
1.5680
0.0027
0.4728
0.7026
0.7865
-0.0005
1.5679
0.0027
0.4761
0.7088
0.7935
-0.0005
1.5679
0.0027
0.4795
0.7151
0.8005
-0.0005
1.5679
0.0028
0.4828
0.7214
0.8075
-0.0005
1.5679
0.0028
0.4861
0.7277
0.8145
-0.0005
1.5678
0.0028
0.4894
0.7339
0.8216
-0.0005
1.5678
0.0028
0.4928
0.7402
0.8286
-0.0005
1.5678
0.0029
0.4961
0.7465
0.8356
-0.0005
1.5678
0.0029
0.4994
0.7528
0.8426
-0.0005
1.5677
0.0029
0.5028
0.7590
0.8497
-0.0005
1.5677
0.0029
0.5061
0.7653
0.8567
-0.0005
1.5677
0.0030
0.5094
0.7716
0.8637
-0.0005
1.5677
0.0030
0.5127
0.7779
0.8707
-0.0005
1.5676
0.0030
0.5161
0.7841
0.8777
-0.0005
1.5676
0.0030
0.5194
0.7904
0.8848
-0.0005
1.5676
0.0031
0.5227
0.7967
0.8918
-0.0005
1.5675
0.0031
0.5261
0.8029
0.8988
-0.0005
1.5675
0.0031
0.5294
0.8092
0.9058
-0.0005
1.5675
0.0031
0.5327
0.8155
0.9129
-0.0005
1.5675
0.0032
0.5360
0.8218
0.9199
-0.0005
1.5674
0.0032
0.5394
0.8280
0.9269
-0.0005
1.5674
0.0032
0.5427
0.8343
0.9339
-0.0005
1.5674
0.0032
0.5460
0.8406
0.9409
-0.0006
1.5674
0.0033
0.5494
0.8469
0.9480
-0.0006
1.5673
0.0033
0.5527
0.8531
0.9550
-0.0006
1.5673
0.0033
0.5560
0.8594
0.9620
-0.0006
1.5673
0.0033
0.5593
0.8657
0.9690
-0.0006
1.5673
0.0034
0.5627
0.8719
0.9760
-0.0006
1.5672
0.0034
0.5660
0.8782
0.9831
-0.0006
1.5672
0.0034
0.5693
0.8845
0.9901
-0.0006
1.5672
0.0034
0.5727
0.8908
0.9971
-0.0006
1.5672
0.0034
0.5760
0.8970
1.0041
-0.0006
1.5671
0.0035
0.5793
0.9033
1.0112
-0.0006
1.5671
0.0035
0.5826
0.9096
1.0182
-0.0006
1.5671
0.0035
0.5860
0.9159
1.0252
-0.0006
1.5671
0.0035
0.5893
0.9221
1.0322
-0.0006
1.5670
0.0036
0.5926
0.9284
1.0392
-0.0006
1.5670
0.0036
0.5960
0.9347
1.0463
-0.0006
1.5670
0.0036
0.5993
0.9409
1.0533
-0.0006
1.5670
0.0036
0.6026
0.9472
1.0603
-0.0006
1.5669
0.0037
0.6059
0.9535
1.0673
-0.0006
1.5669
0.0037
0.6093
0.9598
1.0744
-0.0006
1.5669
0.0037
0.6126
0.9660
1.0814
-0.0006
1.5669
0.0037
0.6159
0.9723
1.0884
-0.0006
1.5668
0.0038
0.6193
0.9786
1.0954
-0.0006
1.5668
0.0038
0.6226
0.9849
1.1024
-0.0006
1.5668
0.0038
0.6259
0.9911
1.1095
-0.0007
1.5668
0.0038
0.6292
0.9974
1.1165
-0.0007
1.5667
0.0039
0.6326
1.0037
1.1235
-0.0007
1.5667
0.0039
0.6359
1.0100
1.1305
-0.0007
1.5667
0.0039
0.6392
1.0162
1.1376
-0.0007
1.5667
0.0039
0.6426
1.0225
1.1446
-0.0007
1.5666
0.0040
0.6459
1.0288
1.1516
-0.0007
1.5666
0.0040
0.6492
1.0350
1.1586
-0.0007
1.5666
0.0040
0.6525
1.0413
1.1656
-0.0007
1.5666
0.0040
0.6559
1.0476
1.1727
-0.0007
1.5665
0.0041
0.6592
1.0539
1.1797
-0.0007
1.5665
0.0041
0.6625
1.0601
1.1867
-0.0007
1.5665
0.0041
0.6659
1.0664
1.1937
-0.0007
1.5665
0.0041
0.6692
1.0727
1.2008
-0.0007
1.5664
0.0042
0.6725
1.0790
1.2078
-0.0007
1.5664
0.0042
0.6758
1.0852
1.2148
-0.0007
1.5664
0.0042
0.6792
1.0915
1.2218
-0.0007
1.5663
0.0042
0.6825
1.0978
1.2288
-0.0007
1.5663
0.0042
0.6858
1.1040
1.2359
-0.0007
1.5663
0.0043
0.6892
1.1103
1.2429
-0.0007
1.5663
0.0043
0.6925
1.1166
1.2499
-0.0007
1.5662
0.0043
0.6958
1.1229
1.2569
-0.0007
1.5662
0.0043
0.6991
1.1291
1.2639
-0.0007
1.5662
0.0044
0.7025
1.1354
1.2710
-0.0007
1.5662
0.0044
0.7058
1.1417
1.2780
-0.0008
1.5661
0.0044
0.7091
1.1480
1.2850
-0.0008
1.5661
0.0044
0.7125
1.1542
1.2920
-0.0008
1.5661
0.0045
0.7158
1.1605
1.2991
-0.0008
1.5661
0.0045
0.7191
1.1668
1.3061
-0.0008
1.5660
0.0045
0.7224
1.1730
1.3131
-0.0008
1.5660
0.0045
0.7258
1.1793
1.3201
-0.0008
1.5660
0.0046
0.7291
1.1856
1.3271
-0.0008
1.5660
0.0046
0.7324
1.1919
1.3342
-0.0008
1.5659
0.0046
0.7358
1.1981
1.3412
-0.0008
1.5659
0.0046
0.7391
1.2044
1.3482
-0.0008
1.5659
0.0047
0.7424
1.2107
1.3552
-0.0008
1.5659
0.0047
0.7457
1.2170
1.3623
-0.0008
1.5658
0.0047
0.7491
1.2232
1.3693
-0.0008
1.5658
0.0047
0.7524
1.2295
1.3763
-0.0008
1.5658
0.0048
0.7557
1.2358
1.3833
-0.0008
1.5658
0.0048
0.7591
1.2421
1.3903
-0.0008
1.5657
0.0048
0.7624
1.2483
1.3974
-0.0008
1.5657
0.0048
0.7657
1.2546
1.4044
-0.0008
1.5657
0.0049
0.7690
1.2609
1.4114
-0.0008
1.5657
0.0049
0.7724
1.2671
1.4184
-0.0008
1.5656
0.0049
0.7757
1.2734
1.4255
-0.0008
1.5656
0.0049
0.7790
1.2797
1.4325
-0.0008
1.5656
0.0050
0.7824
1.2860
1.4395
-0.0008
1.5656
0.0050
0.7857
1.2922
1.4465
-0.0008
1.5655
0.0050
0.7890
1.2985
1.4535
-0.0009
1.5655
0.0050
0.7923
1.3048
1.4606
-0.0009
1.5655
0.0050
0.7957
1.3111
1.4676
-0.0009
1.5655
0.0051
0.7990
1.3173
1.4746
-0.0009
1.5654
0.0051
0.8023
1.3236
1.4816
-0.0009
1.5654
0.0051
0.8057
1.3299
1.4887
-0.0009
1.5654
0.0051
0.8090
1.3361
1.4957
-0.0009
1.5654
0.0052
0.8123
1.3424
1.5027
-0.0009
1.5653
0.0052
0.8156
1.3487
1.5097
-0.0009
1.5653
0.0052
0.8190
1.3550
1.5167
-0.0009
1.5653
0.0052
0.8223
1.3612
1.5238
-0.0009
1.5652
0.0053
0.8256
1.3675
1.5308
-0.0009
1.5652
0.0053
0.8290
1.3738
1.5378
-0.0009
1.5652
0.0053
0.8323
1.3801
1.5448
-0.0009
1.5652
0.0053
0.8356
1.3863
1.5518
-0.0009
1.5651
0.0054
0.8389
1.3926
1.5589
-0.0009
1.5651
0.0054
0.8423
1.3989
1.5659
-0.0009
1.5651
0.0054
0.8456
1.4052
1.5729
-0.0009
1.5651
0.0054
0.8489
1.4114
1.5799
-0.0009
1.5650
0.0055
0.8523
1.4177
1.5870
-0.0009
1.5650
0.0055
0.8556
1.4240
1.5940
-0.0009
1.5650
0.0055
0.8589
1.4302
1.6010
-0.0009
1.5650
0.0055
0.8622
1.4365
1.6080
-0.0009
1.5649
0.0056
0.8656
1.4428
1.6150
-0.0009
1.5649
0.0056
0.8689
1.4491
1.6221
-0.0010
1.5649
0.0056
0.8722
1.4553
1.6291
-0.0010
1.5649
0.0056
0.8756
1.4616
1.6361
-0.0010
1.5648
0.0057
0.8789
1.4679
1.6431
-0.0010
1.5648
0.0057
0.8822
1.4742
1.6502
-0.0010
1.5648
0.0057
0.8855
1.4804
1.6572
-0.0010
1.5648
0.0057
0.8889
1.4867
1.6642
-0.0010
1.5647
0.0058
0.8922
1.4930
1.6712
-0.0010
1.5647
0.0058
0.8955
1.4992
1.6782
-0.0010
1.5647
0.0058
0.8989
1.5055
1.6853
-0.0010
1.5647
0.0058
0.9022
1.5118
1.6923
-0.0010
1.5646
0.0059
0.9055
1.5181
1.6993
-0.0010
1.5646
0.0059
0.9088
1.5243
1.7063
-0.0010
1.5646
0.0059
0.9122
1.5306
1.7134
-0.0010
1.5646
0.0059
0.9155
1.5369
1.7204
-0.0010
1.5645
0.0059
0.9188
1.5432
1.7274
-0.0010
1.5645
0.0060
0.9222
1.5494
1.7344
-0.0010
1.5645
0.0060
0.9255
1.5557
1.7414
-0.0010
1.5645
0.0060
0.9288
1.5620
1.7485
-0.0010
1.5644
0.0060
0.9321
1.5682
1.7555
-0.0010
1.5644
0.0061
0.9355
1.5745
1.7625
-0.0010
1.5644
0.0061
0.9388
1.5808
1.7695
-0.0010
1.5644
0.0061
0.9421
1.5871
1.7765
-0.0010
1.5643
0.0061
0.9455
1.5933
1.7836
-0.0010
1.5643
0.0062
0.9488
1.5996
1.7906
-0.0011
1.5643
0.0062
0.9521
1.6059
1.7976
-0.0011
1.5643
0.0062
0.9554
1.6122
1.8046
-0.0011
1.5642
0.0062
0.9588
1.6184
1.8117
-0.0011
1.5642
0.0063
0.9621
1.6247
1.8187
-0.0011
1.5642
0.0063
0.9654
1.6310
1.8257
-0.0011
1.5642
0.0063
0.9688
1.6372
1.8327
-0.0011
1.5641
0.0063
0.9721
1.6435
1.8397
-0.0011
1.5641
0.0064
0.9754
1.6498
1.8468
-0.0011
1.5641
0.0064
0.9787
1.6561
1.8538
-0.0011
1.5640
0.0064
0.9821
1.6623
1.8608
-0.0011
1.5640
0.0064
0.9854
1.6686
1.8678
-0.0011
1.5640
0.0065
0.9887
1.6749
1.8748
-0.0011
1.5640
0.0065
0.9921
1.6812
1.8819
-0.0011
1.5639
0.0065
0.9954
1.6874
1.8889
-0.0011
1.5639
0.0065
0.9987
1.6937
1.8959
-0.0011
1.5639
0.0066
1.0020
1.7000
1.9029
-0.0011
1.5639
0.0066
1.0054
1.7062
1.9099
-0.0011
1.5638
0.0066
1.0087
1.7125
1.9169
-0.0011
1.5638
0.0066
1.0120
1.7188
1.9240
-0.0011
1.5638
0.0066
1.0153
1.7250
1.9310
-0.0011
1.5638
0.0067
1.0187
1.7313
1.9380
-0.0012
1.5637
0.0067
1.0220
1.7376
1.9450
-0.0012
1.5637
0.0067
1.0253
1.7439
1.9520
-0.0012
1.5637
0.0067
1.0286
1.7501
1.9590
-0.0012
1.5637
0.0068
1.0320
1.7564
1.9660
-0.0012
1.5636
0.0068
1.0353
1.7627
1.9730
-0.0012
1.5636
0.0068
1.0386
1.7689
1.9800
-0.0012
1.5636
0.0068
1.0419
1.7752
1.9870
-0.0012
1.5636
0.0068
1.0453
1.7814
1.9940
-0.0012
1.5636
0.0069
1.0486
1.7877
2.0010
-0.0012
1.5635
0.0069
1.0519
1.7940
2.0080
-0.0012
1.5635
0.0069
1.0552
1.8002
2.0149
-0.0013
1.5635
0.0069
1.0585
1.8065
2.0219
-0.0013
1.5635
0.0069
1.0618
1.8127
2.0289
-0.0013
1.5634
0.0070
1.0651
1.8190
2.0358
-0.0013
1.5634
0.0070
1.0685
1.8252
2.0428
-0.0013
1.5634
0.0070
1.0718
1.8315
2.0497
-0.0013
1.5634
0.0070
1.0751
1.8377
2.0567
-0.0014
1.5634
0.0070
1.0784
1.8439
2.0636
-0.0014
1.5633
0.0070
1.0817
1.8502
2.0705
-0.0014
1.5633
0.0070
1.0850
1.8564
2.0774
-0.0014
1.5633
0.0070
1.0883
1.8626
2.0843
-0.0015
1.5633
0.0070
1.0916
1.8688
2.0912
-0.0015
1.5633
0.0070
1.0948
1.8751
2.0981
-0.0015
1.5632
0.0070
1.0981
1.8813
2.1049
-0.0016
1.5632
0.0070
1.1014
1.8875
2.1117
-0.0016
1.5632
0.0070
1.1047
1.8937
2.1186
-0.0017
1.5632
0.0070
1.1079
1.8998
2.1253
-0.0017
1.5632
0.0070
1.1112
1.9060
2.1321
-0.0018
1.5632
0.0070
1.1145
1.9122
2.1389
-0.0019
1.5632
0.0070
1.1177
1.9183
2.1456
-0.0019
1.5632
0.0070
1.1209
1.9245
2.1523
-0.0020
1.5632
0.0070
1.1242
1.9306
2.1589
-0.0021
1.5632
0.0069
1.1274
1.9367
2.1655
-0.0022
1.5632
0.0069
1.1306
1.9428
2.1721
-0.0023
1.5632
0.0069
1.1338
1.9489
2.1787
-0.0024
1.5632
0.0068
1.1370
1.9550
2.1852
-0.0025
1.5632
0.0068
1.1402
1.9611
2.1917
-0.0026
1.5632
0.0067
1.1434
1.9671
2.1981
-0.0027
1.5632
0.0067
1.1465
1.9732
2.2045
-0.0029
1.5632
0.0066
1.1496
1.9792
2.2108
-0.0030
1.5632
0.0065
1.1528
1.9852
2.2171
-0.0032
1.5632
0.0064
1.1559
1.9911
2.2233
-0.0033
1.5633
0.0063
1.1590
1.9971
2.2294
-0.0035
1.5633
0.0062
1.1621
2.0030
2.2355
-0.0037
1.5633
0.0061
1.1651
2.0089
2.2416
-0.0039
1.5634
0.0060
1.1682
2.0147
2.2475
-0.0042
1.5634
0.0059
1.1712
2.0206
2.2534
-0.0044
1.5634
0.0057
1.1742
2.0264
2.2592
-0.0047
1.5635
0.0056
1.1772
2.0322
2.2649
-0.0049
1.5635
0.0054
1.1801
2.0379
2.2705
-0.0052
1.5636
0.0053
1.1831
2.0436
2.2761
-0.0056
1.5637
0.0051
1.1860
2.0493
2.2815
-0.0059
1.5637
0.0049
1.1888
2.0549
2.2869
-0.0062
1.5638
0.0046
1.1917
2.0605
2.2921
-0.0066
1.5639
0.0044
1.1945
2.0661
2.2973
-0.0070
1.5640
0.0042
1.1973
2.0716
2.3023
-0.0074
1.5641
0.0039
1.2001
2.0771
2.3072
-0.0079
1.5642
0.0036
1.2028
2.0825
2.3120
-0.0083
1.5643
0.0033
1.2055
2.0879
2.3167
-0.0088
1.5644
0.0030
1.2082
2.0932
2.3213
-0.0094
1.5645
0.0027
1.2108
2.0985
2.3257
-0.0099
1.5647
0.0024
1.2134
2.1037
2.3300
-0.0105
1.5648
0.0020
1.2160
2.1089
2.3341
-0.0111
1.5650
0.0016
1.2185
2.1140
2.3381
-0.0117
1.5651
0.0012
1.2210
2.1191
2.3420
-0.0124
1.5653
0.0008
1.2234
2.1241
2.3457
-0.0131
1.5655
0.0003
1.2258
2.1291
2.3493
-0.0138
1.5657
-0.0002
1.2282
2.1340
2.3527
-0.0146
1.5659
-0.0006
1.2305
2.1388
2.3559
-0.0154
1.5661
-0.0012
1.2328
2.1436
2.3590
-0.0162
1.5663
-0.0017
1.2350
2.1483
2.3619
-0.0171
1.5665
-0.0023
1.2372
2.1529
2.3647
-0.0180
1.5668
-0.0029
1.2393
2.1575
2.3672
-0.0189
1.5670
-0.0035
1.2414
2.1620
2.3696
-0.0199
1.5673
-0.0041
1.2434
2.1665
2.3718
-0.0209
1.5675
-0.0048
1.2454
2.1708
2.3739
-0.0219
1.5678
-0.0055
1.2474
2.1751
2.3757
-0.0230
1.5681
-0.0062
1.2493
2.1794
2.3774
-0.0241
1.5684
-0.0069
1.2511
2.1835
2.3789
-0.0253
1.5687
-0.0077
1.2529
2.1876
2.3802
-0.0265
1.5690
-0.0085
1.2547
2.1916
2.3813
-0.0277
1.5694
-0.0093
1.2564
2.1956
2.3823
-0.0290
1.5697
-0.0102
1.2580
2.1995
2.3830
-0.0304
1.5701
-0.0110
1.2596
2.2033
2.3835
-0.0317
1.5705
-0.0119
1.2611
2.2070
2.3839
-0.0331
1.5709
-0.0129
1.2626
2.2107
2.3840
-0.0346
1.5712
-0.0138
1.2641
2.2143
2.3840
-0.0360
1.5717
-0.0148
1.2655
2.2178
2.3838
-0.0376
1.5721
-0.0158
1.2668
2.2212
2.3834
-0.0391
1.5725
-0.0169
1.2681
2.2246
2.3828
-0.0407
1.5730
-0.0179
1.2693
2.2279
2.3820
-0.0424
1.5734
-0.0190
1.2705
2.2311
2.3810
-0.0440
1.5739
-0.0201
1.2716
2.2343
2.3798
-0.0458
1.5744
-0.0213
1.2727
2.2373
2.3785
-0.0475
1.5748
-0.0225
1.2737
2.2403
2.3769
-0.0493
1.5753
-0.0237
1.2747
2.2433
2.3752
-0.0511
1.5759
-0.0249
1.2757
2.2462
2.3733
-0.0530
1.5764
-0.0262
1.2766
2.2490
2.3712
-0.0549
1.5769
-0.0274
1.2774
2.2517
2.3689
-0.0569
1.5775
-0.0287
1.2782
2.2544
2.3665
-0.0589
1.5780
-0.0301
1.2789
2.2570
2.3639
-0.0609
1.5786
-0.0314
1.2796
2.2595
2.3611
-0.0629
1.5792
-0.0328
1.2803
2.2620
2.3582
-0.0650
1.5797
-0.0342
1.2809
2.2644
2.3551
-0.0672
1.5803
-0.0356
1.2815
2.2668
2.3518
-0.0693
1.5809
-0.0371
1.2820
2.2690
2.3484
-0.0715
1.5816
-0.0385
1.2825
2.2713
2.3448
-0.0737
1.5822
-0.0400
1.2830
2.2735
2.3411
-0.0760
1.5828
-0.0416
1.2834
2.2756
2.3372
-0.0783
1.5835
-0.0431
1.2837
2.2777
2.3332
-0.0806
1.5841
-0.0446
1.2841
2.2797
2.3290
-0.0829
1.5848
-0.0462
1.2844
2.2816
2.3247
-0.0853
1.5855
-0.0478
1.2846
2.2835
2.3203
-0.0877
1.5861
-0.0494
1.2849
2.2854
2.3157
-0.0901
1.5868
-0.0511
1.2850
2.2872
2.3111
-0.0926
1.5875
-0.0527
1.2852
2.2890
2.3063
-0.0951
1.5882
-0.0544
1.2853
2.2907
2.3013
-0.0976
1.5889
-0.0561
1.2854
2.2924
2.2963
-0.1001
1.5896
-0.0578
1.2855
2.2940
2.2912
-0.1027
1.5904
-0.0595
1.2855
2.2956
2.2859
-0.1052
1.5911
-0.0612
1.2856
2.2972
2.2806
-0.1078
1.5918
-0.0630
1.2855
2.2987
2.2751
-0.1104
1.5926
-0.0647
1.2855
2.3002
2.2695
-0.1131
1.5933
-0.0665
1.2854
2.3016
2.2639
-0.1157
1.5941
-0.0683
1.2853
2.3030
2.2582
-0.1184
1.5948
-0.0701
1.2852
2.3044
2.2524
-0.1211
1.5956
-0.0719
1.2851
2.3058
2.2464
-0.1238
1.5964
-0.0737
1.2849
2.3071
2.2405
-0.1265
1.5971
-0.0756
1.2848
2.3084
2.2344
-0.1293
1.5979
-0.0774
1.2846
2.3097
2.2283
-0.1320
1.5987
-0.0793
1.2844
2.3109
2.2221
-0.1348
1.5995
-0.0812
1.2841
2.3121
2.2158
-0.1376
1.6003
-0.0830
1.2839
2.3133
2.2095
-0.1404
1.6011
-0.0849
1.2836
2.3145
2.2031
-0.1432
1.6019
-0.0868
1.2833
2.3156
2.1967
-0.1460
1.6027
-0.0887
1.2830
2.3167
2.1902
-0.1489
1.6035
-0.0906
1.2827
2.3178
2.1836
-0.1517
1.6043
-0.0926
1.2824
2.3189
2.1770
-0.1546
1.6051
-0.0945
1.2821
2.3200
2.1704
-0.1574
1.6059
-0.0964
1.2817
2.3210
2.1637
-0.1603
1.6067
-0.0984
1.2814
2.3221
2.1569
-0.1632
1.6075
-0.1003
1.2810
2.3231
2.1502
-0.1661
1.6084
-0.1022
1.2806
2.3241
2.1434
-0.1690
1.6092
-0.1042
1.2802
2.3251
2.1365
-0.1719
1.6100
-0.1062
1.2798
2.3260
2.1296
-0.1748
1.6108
-0.1081
1.2794
2.3270
2.1227
-0.1777
1.6117
-0.1101
1.2790
2.3280
2.1158
-0.1807
1.6125
-0.1121
1.2786
2.3289
2.1088
-0.1836
1.6133
-0.1141
1.2782
2.3298
2.1018
-0.1865
1.6142
-0.1160
1.2777
2.3307
2.0948
-0.1895
1.6150
-0.1180
1.2773
2.3317
2.0877
-0.1924
1.6159
-0.1200
1.2768
2.3326
2.0806
-0.1954
1.6167
-0.1220
1.2764
2.3335
2.0735
-0.1984
1.6175
-0.1240
1.2759
2.3343
2.0664
-0.2013
1.6184
-0.1260
1.2755
2.3352
2.0593
-0.2043
1.6192
-0.1280
1.2750
2.3361
2.0521
-0.2073
1.6201
-0.1300
1.2745
2.3370
2.0450
-0.2102
1.6209
-0.1320
1.2740
2.3378
2.0378
-0.2132
1.6218
-0.1340
1.2736
2.3387
2.0306
-0.2162
1.6226
-0.1360
1.2731
2.3395
2.0234
-0.2192
1.6235
-0.1381
1.2726
2.3404
2.0162
-0.2222
1.6243
-0.1401
1.2721
2.3412
2.0089
-0.2251
1.6252
-0.1421
1.2716
2.3421
2.0017
-0.2281
1.6260
-0.1441
1.2711
2.3429
1.9944
-0.2311
1.6269
-0.1461
1.2706
2.3437
1.9872
-0.2341
1.6277
-0.1482
1.2701
2.3446
1.9799
-0.2371
1.6286
-0.1502
1.2696
2.3454
1.9726
-0.2401
1.6294
-0.1522
1.2691
2.3462
1.9653
-0.2431
1.6303
-0.1542
1.2686
2.3470
1.9580
-0.2461
1.6311
-0.1562
1.2681
2.3478
1.9507
-0.2491
1.6320
-0.1583
1.2676
2.3487
1.9434
-0.2521
1.6328
-0.1603
1.2671
2.3495
1.9361
-0.2551
1.6337
-0.1623
1.2665
2.3503
1.9288
-0.2581
1.6346
-0.1644
1.2660
2.3511
1.9215
-0.2612
1.6354
-0.1664
1.2655
2.3519
1.9141
-0.2642
1.6363
-0.1684
1.2650
2.3527
1.9068
-0.2672
1.6371
-0.1705
1.2645
2.3535
1.8995
-0.2702
1.6380
-0.1725
1.2640
2.3543
1.8921
-0.2732
1.6388
-0.1745
1.2634
2.3551
1.8848
-0.2762
1.6397
-0.1765
1.2629
2.3559
1.8775
-0.2792
1.6406
-0.1786
1.2624
2.3567
1.8701
-0.2822
1.6414
-0.1806
1.2619
2.3575
1.8628
-0.2852
1.6423
-0.1826
1.2614
2.3583
1.8554
-0.2883
1.6431
-0.1847
1.2608
2.3591
1.8481
-0.2913
1.6440
-0.1867
1.2603
2.3599
1.8407
-0.2943
1.6448
-0.1887
1.2598
2.3607
1.8334
-0.2973
1.6457
-0.1908
1.2593
2.3615
1.8260
-0.3003
1.6466
-0.1928
1.2587
2.3623
1.8186
-0.3033
1.6474
-0.1948
1.2582
2.3631
1.8113
-0.3063
1.6483
-0.1969
1.2577
2.3639
1.8039
-0.3094
1.6491
-0.1989
1.2572
2.3647
1.7966
-0.3124
1.6500
-0.2010
1.2566
2.3655
1.7892
-0.3154
1.6509
-0.2030
1.2561
2.3663
1.7818
-0.3184
1.6517
-0.2050
1.2556
2.3670
1.7745
-0.3214
1.6526
-0.2071
1.2551
2.3678
1.7671
-0.3244
1.6534
-0.2091
1.2545
2.3686
1.7597
-0.3275
1.6543
-0.2111
1.2540
2.3694
1.7524
-0.3305
1.6551
-0.2132
1.2535
2.3702
1.7450
-0.3335
1.6560
-0.2152
1.2530
2.3710
1.7376
-0.3365
1.6569
-0.2172
1.2524
2.3718
1.7303
-0.3395
1.6577
-0.2193
1.2519
2.3726
1.7229
-0.3425
1.6586
-0.2213
1.2514
2.3734
1.7155
-0.3456
1.6594
-0.2233
1.2508
2.3742
1.7082
-0.3486
1.6603
-0.2254
1.2503
2.3750
1.7008
-0.3516
1.6612
-0.2274
1.2498
2.3758
1.6934
-0.3546
1.6620
-0.2295
1.2493
2.3765
1.6861
-0.3576
1.6629
-0.2315
1.2487
2.3773
1.6787
-0.3606
1.6637
-0.2335
1.2482
2.3781
1.6713
-0.3637
1.6646
-0.2356
1.2477
2.3789
1.6639
-0.3667
1.6655
-0.2376
1.2472
2.3797
1.6566
-0.3697
1.6663
-0.2396
1.2466
2.3805
1.6492
-0.3727
1.6672
-0.2417
1.2461
2.3813
1.6418
-0.3757
1.6680
-0.2437
1.2456
2.3821
1.6345
-0.3787
1.6689
-0.2457
1.2450
2.3829
1.6271
-0.3818
1.6698
-0.2478
1.2445
2.3837
1.6197
-0.3848
1.6706
-0.2498
1.2440
2.3844
1.6124
-0.3878
1.6715
-0.2519
1.2435
2.3852
1.6050
-0.3908
1.6723
-0.2539
1.2429
2.3860
1.5976
-0.3938
1.6732
-0.2559
1.2424
2.3868
1.5902
-0.3969
1.6740
-0.2580
1.2419
2.3876
1.5829
-0.3999
1.6749
-0.2600
1.2413
2.3884
1.5755
-0.4029
1.6758
-0.2620
1.2408
2.3892
1.5681
-0.4059
1.6766
-0.2641
1.2403
2.3900
1.5608
-0.4089
1.6775
-0.2661
1.2398
2.3908
1.5534
-0.4119
1.6783
-0.2682
1.2392
2.3916
1.5460
-0.4150
1.6792
-0.2702
1.2387
2.3923
1.5386
-0.4180
1.6801
-0.2722
1.2382
2.3931
1.5313
-0.4210
1.6809
-0.2743
1.2376
2.3939
1.5239
-0.4240
1.6818
-0.2763
1.2371
2.3947
1.5165
-0.4270
1.6826
-0.2783
1.2366
2.3955
1.5091
-0.4300
1.6835
-0.2804
1.2361
2.3963
1.5018
-0.4331
1.6844
-0.2824
1.2355
2.3971
1.4944
-0.4361
1.6852
-0.2844
1.2350
2.3979
1.4870
-0.4391
1.6861
-0.2865
1.2345
2.3987
1.4797
-0.4421
1.6869
-0.2885
1.2339
2.3995
1.4723
-0.4451
1.6878
-0.2906
1.2334
2.4002
1.4649
-0.4482
1.6887
-0.2926
1.2329
2.4010
1.4575
-0.4512
1.6895
-0.2946
1.2324
2.4018
1.4502
-0.4542
1.6904
-0.2967
1.2318
2.4026
1.4428
-0.4572
1.6912
-0.2987
1.2313
2.4034
1.4354
-0.4602
1.6921
-0.3007
1.2308
2.4042
1.4281
-0.4632
1.6930
-0.3028
1.2303
2.4050
1.4207
-0.4663
1.6938
-0.3048
1.2297
2.4058
1.4133
-0.4693
1.6947
-0.3068
1.2292
2.4066
1.4059
-0.4723
1.6955
-0.3089
1.2287
2.4073
1.3986
-0.4753
1.6964
-0.3109
1.2281
2.4081
1.3912
-0.4783
1.6972
-0.3130
1.2276
2.4089
1.3838
-0.4814
1.6981
-0.3150
1.2271
2.4097
1.3765
-0.4844
1.6990
-0.3170
1.2266
2.4105
1.3691
-0.4874
1.6998
-0.3191
1.2260
2.4113
1.3617
-0.4904
1.7007
-0.3211
1.2255
2.4121
1.3543
-0.4934
1.7015
-0.3231
1.2250
2.4129
1.3470
-0.4964
1.7024
-0.3252
1.2244
2.4137
1.3396
-0.4995
1.7033
-0.3272
1.2239
2.4145
1.3322
-0.5025
1.7041
-0.3293
1.2234
2.4152
1.3248
-0.5055
1.7050
-0.3313
1.2229
2.4160
1.3175
-0.5085
1.7058
-0.3333
1.2223
2.4168
1.3101
-0.5115
1.7067
-0.3354
1.2218
2.4176
1.3027
-0.5146
1.7076
-0.3374
1.2213
2.4184
1.2954
-0.5176
1.7084
-0.3394
1.2207
2.4192
1.2880
-0.5206
1.7093
-0.3415
1.2202
2.4200
1.2806
-0.5236
1.7101
-0.3435
1.2197
2.4208
1.2732
-0.5266
1.7110
-0.3455
1.2192
2.4216
1.2659
-0.5296
1.7119
-0.3476
1.2186
2.4224
1.2585
-0.5327
1.7127
-0.3496
1.2181
2.4231
1.2511
-0.5357
1.7136
-0.3517
1.2176
2.4239
1.2438
-0.5387
1.7144
-0.3537
1.2170
2.4247
1.2364
-0.5417
1.7153
-0.3557
1.2165
2.4255
1.2290
-0.5447
1.7161
-0.3578
1.2160
2.4263
1.2216
-0.5477
1.7170
-0.3598
1.2155
2.4271
1.2143
-0.5508
1.7179
-0.3618
1.2149
2.4279
1.2069
-0.5538
1.7187
-0.3639
1.2144
2.4287
1.1995
-0.5568
1.7196
-0.3659
1.2139
2.4295
1.1921
-0.5598
1.7204
-0.3679
1.2133
2.4302
1.1848
-0.5628
1.7213
-0.3700
1.2128
2.4310
1.1774
-0.5659
1.7222
-0.3720
1.2123
2.4318
1.1700
-0.5689
1.7230
-0.3741
1.2118
2.4326
1.1627
-0.5719
1.7239
-0.3761
1.2112
2.4334
1.1553
-0.5749
1.7247
-0.3781
1.2107
2.4342
1.1479
-0.5779
1.7256
-0.3802
1.2102
2.4350
1.1405
-0.5809
1.7265
-0.3822
1.2096
2.4358
1.1332
-0.5840
1.7273
-0.3842
1.2091
2.4366
1.1258
-0.5870
1.7282
-0.3863
1.2086
2.4374
1.1184
-0.5900
1.7290
-0.3883
1.2081
2.4381
1.1111
-0.5930
1.7299
-0.3904
1.2075
2.4389
1.1037
-0.5960
1.7308
-0.3924
1.2070
2.4397
1.0963
-0.5991
1.7316
-0.3944
1.2065
2.4405
1.0889
-0.6021
1.7325
-0.3965
1.2060
2.4413
1.0816
-0.6051
1.7333
-0.3985
1.2054
2.4421
1.0742
-0.6081
1.7342
-0.4005
1.2049
2.4429
1.0668
-0.6111
1.7351
-0.4026
1.2044
2.4437
1.0595
-0.6141
1.7359
-0.4046
1.2038
2.4445
1.0521
-0.6172
1.7368
-0.4066
1.2033
2.4453
1.0447
-0.6202
1.7376
-0.4087
1.2028
2.4460
1.0373
-0.6232
1.7385
-0.4107
1.2023
2.4468
1.0300
-0.6262
1.7393
-0.4128
1.2017
2.4476
1.0226
-0.6292
1.7402
-0.4148
1.2012
2.4484
1.0152
-0.6323
1.7411
-0.4168
1.2007
2.4492
1.0078
-0.6353
1.7419
-0.4189
1.2001
2.4500
1.0005
-0.6383
1.7428
-0.4209
1.1996
2.4508
0.9931
-0.6413
1.7436
-0.4229
1.1991
2.4516
0.9857
-0.6443
1.7445
-0.4250
1.1986
2.4524
0.9784
-0.6473
1.7454
-0.4270
1.1980
2.4531
0.9710
-0.6504
1.7462
-0.4290
1.1975
2.4539
0.9636
-0.6534
1.7471
-0.4311
1.1970
2.4547
0.9562
-0.6564
1.7479
-0.4331
1.1964
2.4555
0.9489
-0.6594
1.7488
-0.4352
1.1959
2.4563
0.9415
-0.6624
1.7497
-0.4372
1.1954
2.4571
0.9341
-0.6654
1.7505
-0.4392
1.1949
2.4579
0.9268
-0.6685
1.7514
-0.4413
1.1943
2.4587
0.9194
-0.6715
1.7522
-0.4433
1.1938
2.4595
0.9120
-0.6745
1.7531
-0.4453
1.1933
2.4603
0.9046
-0.6775
1.7540
-0.4474
1.1927
2.4610
0.8973
-0.6805
1.7548
-0.4494
1.1922
2.4618
0.8899
-0.6836
1.7557
-0.4515
1.1917
2.4626
0.8825
-0.6866
1.7565
-0.4535
1.1912
2.4634
0.8751
-0.6896
1.7574
-0.4555
1.1906
2.4642
0.8678
-0.6926
1.7583
-0.4576
1.1901
2.4650
0.8604
-0.6956
1.7591
-0.4596
1.1896
2.4658
0.8530
-0.6986
1.7600
-0.4616
1.1890
2.4666
0.8457
-0.7017
1.7608
-0.4637
1.1885
2.4674
0.8383
-0.7047
1.7617
-0.4657
1.1880
2.4682
0.8309
-0.7077
1.7625
-0.4677
1.1875
2.4689
0.8235
-0.7107
1.7634
-0.4698
1.1869
2.4697
0.8162
-0.7137
1.7643
-0.4718
1.1864
2.4705
0.8088
-0.7168
1.7651
-0.4739
1.1859
2.4713
0.8014
-0.7198
1.7660
-0.4759
1.1854
2.4721
0.7941
-0.7228
1.7668
-0.4779
1.1848
2.4729
0.7867
-0.7258
1.7677
-0.4800
1.1843
2.4737
0.7793
-0.7288
1.7686
-0.4820
1.1838
2.4745
0.7719
-0.7318
1.7694
-0.4840
1.1832
2.4753
0.7646
-0.7349
1.7703
-0.4861
1.1827
2.4761
0.7572
-0.7379
1.7711
-0.4881
1.1822
2.4768
0.7498
-0.7409
1.7720
-0.4901
1.1817
2.4776
0.7425
-0.7439
1.7729
-0.4922
1.1811
2.4784
0.7351
-0.7469
1.7737
-0.4942
1.1806
2.4792
0.7277
-0.7500
1.7746
-0.4963
1.1801
2.4800
0.7203
-0.7530
1.7754
-0.4983
1.1795
2.4808
0.7130
-0.7560
1.7763
-0.5003
1.1790
2.4816
0.7056
-0.7590
1.7772
-0.5024
1.1785
2.4824
0.6982
-0.7620
1.7780
-0.5044
1.1780
2.4832
0.6908
-0.7650
1.7789
-0.5064
1.1774
2.4839
0.6835
-0.7681
1.7797
-0.5085
1.1769
2.4847
0.6761
-0.7711
1.7806
-0.5105
1.1764
2.4855
0.6687
-0.7741
1.7814
-0.5126
1.1758
2.4863
0.6614
-0.7771
1.7823
-0.5146
1.1753
2.4871
0.6540
-0.7801
1.7832
-0.5166
1.1748
2.4879
0.6466
-0.7831
1.7840
-0.5187
1.1743
2.4887
0.6392
-0.7862
1.7849
-0.5207
1.1737
2.4895
0.6319
-0.7892
1.7857
-0.5227
1.1732
2.4903
0.6245
-0.7922
1.7866
-0.5248
1.1727
2.4911
0.6171
-0.7952
1.7875
-0.5268
1.1721
2.4918
0.6098
-0.7982
1.7883
-0.5288
1.1716
2.4926
0.6024
-0.8013
1.7892
-0.5309
1.1711
2.4934
0.5950
-0.8043
1.7900
-0.5329
1.1706
2.4942
0.5876
-0.8073
1.7909
-0.5350
1.1700
2.4950
0.5803
-0.8103
1.7918
-0.5370
1.1695
2.4958
0.5729
-0.8133
1.7926
-0.5390
1.1690
2.4966
0.5655
-0.8163
1.7935
-0.5411
1.1684
2.4974
0.5581
-0.8194
1.7943
-0.5431
1.1679
2.4982
0.5508
-0.8224
1.7952
-0.5451
1.1674
2.4990
0.5434
-0.8254
1.7961
-0.5472
1.1669
2.4997
0.5360
-0.8284
1.7969
-0.5492
1.1663
2.5005
0.5287
-0.8314
1.7978
-0.5512
1.1658
2.5013
0.5213
-0.8345
1.7986
-0.5533
1.1653
2.5021
0.5139
-0.8375
1.7995
-0.5553
1.1647
2.5029
0.5065
-0.8405
1.8004
-0.5574
1.1642
2.5037
0.4992
-0.8435
1.8012
-0.5594
1.1637
2.5045
0.4918
-0.8465
1.8021
-0.5614
1.1632
2.5053
0.4844
-0.8495
1.8029
-0.5635
1.1626
2.5061
0.4771
-0.8526
1.8038
-0.5655
1.1621
2.5068
0.4697
-0.8556
1.8046
-0.5675
1.1616
2.5076
0.4623
-0.8586
1.8055
-0.5696
1.1611
2.5084
0.4549
-0.8616
1.8064
-0.5716
1.1605
2.5092
0.4476
-0.8646
1.8072
-0.5737
1.1600
2.5100
0.4402
-0.8677
1.8081
-0.5757
1.1595
2.5108
0.4328
-0.8707
1.8089
-0.5777
1.1589
2.5116
0.4255
-0.8737
1.8098
-0.5798
1.1584
2.5124
0.4181
-0.8767
1.8107
-0.5818
1.1579
2.5132
0.4107
-0.8797
1.8115
-0.5838
1.1574
2.5140
0.4033
-0.8827
1.8124
-0.5859
1.1568
2.5147
0.3960
-0.8858
1.8132
-0.5879
1.1563
2.5155
0.3886
-0.8888
1.8141
-0.5899
1.1558
2.5163
0.3812
-0.8918
1.8150
-0.5920
1.1552
2.5171
0.3738
-0.8948
1.8158
-0.5940
1.1547
2.5179
0.3665
-0.8978
1.8167
-0.5961
1.1542
2.5187
0.3591
-0.9008
1.8175
-0.5981
1.1537
2.5195
0.3517
-0.9039
1.8184
-0.6001
1.1531
2.5203
0.3444
-0.9069
1.8193
-0.6022
1.1526
2.5211
0.3370
-0.9099
1.8201
-0.6042
1.1521
2.5219
0.3296
-0.9129
1.8210
-0.6062
1.1515
2.5226
0.3222
-0.9159
1.8218
-0.6083
1.1510
2.5234
0.3149
-0.9190
1.8227
-0.6103
1.1505
2.5242
0.3075
-0.9220
1.8236
-0.6123
1.1500
2.5250
0.3001
-0.9250
1.8244
-0.6144
1.1494
2.5258
0.2928
-0.9280
1.8253
-0.6164
1.1489
2.5266
0.2854
-0.9310
1.8261
-0.6185
1.1484
2.5274
0.2780
-0.9340
1.8270
-0.6205
1.1478
2.5282
0.2706
-0.9371
1.8278
-0.6225
1.1473
2.5290
0.2633
-0.9401
1.8287
-0.6246
1.1468
2.5297
0.2559
-0.9431
1.8296
-0.6266
1.1463
2.5305
0.2485
-0.9461
1.8304
-0.6286
1.1457
2.5313
0.2411
-0.9491
1.8313
-0.6307
1.1452
2.5321
0.2338
-0.9522
1.8321
-0.6327
1.1447
2.5329
0.2264
-0.9552
1.8330
-0.6348
1.1441
2.5337
0.2190
-0.9582
1.8339
-0.6368
1.1436
2.5345
0.2117
-0.9612
1.8347
-0.6388
1.1431
2.5353
0.2043
-0.9642
1.8356
-0.6409
1.1426
2.5361
0.1969
-0.9672
1.8364
-0.6429
1.1420
2.5369
0.1895
-0.9703
1.8373
-0.6449
1.1415
2.5376
0.1822
-0.9733
1.8382
-0.6470
1.1410
2.5384
0.1748
-0.9763
1.8390
-0.6490
1.1404
2.5392
0.1674
-0.9793
1.8399
-0.6510
1.1399
2.5400
0.1601
-0.9823
1.8407
-0.6531
1.1394
2.5408
0.1527
-0.9854
1.8416
-0.6551
1.1389
2.5416
0.1453
-0.9884
1.8425
-0.6572
1.1383
2.5424
0.1379
-0.9914
1.8433
-0.6592
1.1378
2.5432
0.1306
-0.9944
1.8442
-0.6612
1.1373
2.5440
0.1232
-0.9974
1.8450
-0.6633
1.1368
2.5448
0.1158
-1.0004
1.8459
-0.6653
1.1362
2.5455
0.1084
-1.0035
1.8468
-0.6673
1.1357
2.5463
0.1011
-1.0065
1.8476
-0.6694
1.1352
2.5471
0.0937
-1.0095
1.8485
-0.6714
1.1346
2.5479
0.0863
-1.0125
1.8493
-0.6734
1.1341
2.5487
0.0790
-1.0155
1.8502
-0.6755
1.1336
2.5495
0.0716
-1.0185
1.8510
-0.6775
1.1331
2.5503
0.0642
-1.0216
1.8519
-0.6796
1.1325
2.5511
0.0568
-1.0246
1.8528
-0.6816
1.1320
2.5519
0.0495
-1.0276
1.8536
-0.6836
1.1315
2.5526
0.0421
-1.0306
1.8545
-0.6857
1.1309
2.5534
0.0347
-1.0336
1.8553
-0.6877
1.1304
2.5542
0.0274
-1.0367
1.8562
-0.6897
1.1299
2.5550
0.0200
-1.0397
1.8571
-0.6918
1.1294
2.5558
0.0126
-1.0427
1.8579
-0.6938
1.1288
2.5566
0.0052
-1.0457
1.8588
-0.6959
1.1283
2.5574
-0.0021
-1.0487
1.8596
-0.6979
1.1278
2.5582
-0.0095
-1.0517
1.8605
-0.6999
1.1272
2.5590
-0.0169
-1.0548
1.8614
-0.7020
1.1267
2.5598
-0.0242
-1.0578
1.8622
-0.7040
1.1262
2.5605
-0.0316
-1.0608
1.8631
-0.7060
1.1257
2.5613
-0.0390
-1.0638
1.8639
-0.7081
1.1251
2.5621
-0.0464
-1.0668
1.8648
-0.7101
1.1246
2.5629
-0.0537
-1.0699
1.8657
-0.7121
1.1241
2.5637
-0.0611
-1.0729
1.8665
-0.7142
1.1235
2.5645
-0.0685
-1.0759
1.8674
-0.7162
1.1230
2.5653
-0.0759
-1.0789
1.8682
-0.7183
1.1225
2.5661
-0.0832
-1.0819
1.8691
-0.7203
1.1220
2.5669
-0.0906
-1.0849
1.8699
-0.7223
1.1214
2.5677
-0.0980
-1.0880
1.8708
-0.7244
1.1209
2.5684
-0.1053
-1.0910
1.8717
-0.7264
1.1204
2.5692
-0.1127
-1.0940
1.8725
-0.7284
1.1198
2.5700
-0.1201
-1.0970
1.8734
-0.7305
1.1193
2.5708
-0.1275
-1.1000
1.8742
-0.7325
1.1188
2.5716
-0.1348
-1.1031
1.8751
-0.7345
1.1183
2.5724
-0.1422
-1.1061
1.8760
-0.7366
1.1177
2.5732
-0.1496
-1.1091
1.8768
-0.7386
1.1172
2.5740
-0.1569
-1.1121
1.8777
-0.7407
1.1167
2.5748
-0.1643
-1.1151
1.8785
-0.7427
1.1162
2.5755
-0.1717
-1.1181
1.8794
-0.7447
1.1156
2.5763
-0.1791
-1.1212
1.8803
-0.7468
1.1151
2.5771
-0.1864
-1.1242
1.8811
-0.7488
1.1146
2.5779
-0.1938
-1.1272
1.8820
-0.7508
1.1140
2.5787
-0.2012
-1.1302
1.8828
-0.7529
1.1135
2.5795
-0.2086
-1.1332
1.8837
-0.7549
1.1130
2.5803
-0.2159
-1.1362
1.8846
-0.7570
1.1125
2.5811
-0.2233
-1.1393
1.8854
-0.7590
1.1119
2.5819
-0.2307
-1.1423
1.8863
-0.7610
1.1114
2.5827
-0.2380
-1.1453
1.8871
-0.7631
1.1109
2.5834
-0.2454
-1.1483
1.8880
-0.7651
1.1103
2.5842
-0.2528
-1.1513
1.8889
-0.7671
1.1098
2.5850
-0.2602
-1.1544
1.8897
-0.7692
1.1093
2.5858
-0.2675
-1.1574
1.8906
-0.7712
1.1088
2.5866
-0.2749
-1.1604
1.8914
-0.7732
1.1082
2.5874
-0.2823
-1.1634
1.8923
-0.7753
1.1077
2.5882
-0.2896
-1.1664
1.8931
-0.7773
1.1072
2.5890
-0.2970
-1.1694
1.8940
-0.7794
1.1066
2.5898
-0.3044
-1.1725
1.8949
-0.7814
1.1061
2.5906
-0.3118
-1.1755
1.8957
-0.7834
1.1056
2.5913
-0.3191
-1.1785
1.8966
-0.7855
1.1051
2.5921
-0.3265
-1.1815
1.8974
-0.7875
1.1045
2.5929
-0.3339
-1.1845
1.8983
-0.7895
1.1040
2.5937
-0.3412
-1.1876
1.8992
-0.7916
1.1035
2.5945
-0.3486
-1.1906
1.9000
-0.7936
1.1029
2.5953
-0.3560
-1.1936
1.9009
-0.7956
1.1024
2.5961
-0.3634
-1.1966
1.9017
-0.7977
1.1019
2.5969
-0.3707
-1.1996
1.9026
-0.7997
1.1014
2.5977
-0.3781
-1.2026
1.9035
-0.8018
1.1008
2.5984
-0.3855
-1.2057
1.9043
-0.8038
1.1003
2.5992
-0.3929
-1.2087
1.9052
-0.8058
1.0998
2.6000
-0.4002
-1.2117
1.9060
-0.8079
